50

91 5 276
88 20 266
88 25 264
87 19 297
87 6 292
86 15 300
86 1 274
85 1 269
85 18 294
84 16 291
83 18 252
80 6 249
79 12 286
78 18 269
77 8 239
70 16 259
70 11 259
68 6 269
67 1 269
66 9 272
59 6 211
52 10 204
49 14 285
48 13 295
47 14 261
47 15 285
44 5 190
42 11 281
38 4 254
37 2 228
37 4 285
34 1 278
34 7 284
33 3 230
31 7 239
29 3 190
27 6 110
24 6 284
21 2 297
17 4 190
16 5 115
16 2 140
15 5 190
14 3 261
8 1 87
6 1 23
5 2 153
4 2 232
2 1 243
2 1 189
