50

100 3 300
99 23 298
98 28 294
97 8 297
94 6 288
93 10 280
91 26 290
89 24 269
89 45 289
89 32 292
85 30 294
85 14 296
84 2 268
83 21 261
81 28 262
81 40 282
78 14 260
73 29 271
73 37 232
73 34 254
73 30 279
70 5 227
69 3 266
68 23 229
64 11 256
64 32 223
63 7 217
59 16 217
54 23 264
49 13 213
48 21 176
45 19 230
45 1 196
43 10 288
42 1 176
41 4 241
39 3 275
37 15 157
37 6 248
36 6 296
32 11 176
30 15 271
26 13 97
26 5 238
25 1 102
24 4 114
24 2 196
23 5 112
21 3 179
21 2 296
