50

96 21 300
93 5 362
86 16 312
86 11 339
85 10 280
83 33 320
80 24 299
80 36 297
80 1 337
79 8 394
77 10 278
68 9 252
67 20 201
64 26 198
64 4 371
63 26 390
60 6 322
57 20 175
55 19 387
54 24 325
54 15 379
54 6 245
54 21 270
52 3 303
52 16 201
52 11 192
51 18 250
44 4 166
43 4 244
41 3 381
41 6 268
39 8 346
39 18 186
39 16 180
38 18 306
36 2 232
36 15 377
35 8 207
34 3 283
34 17 219
31 6 216
31 16 359
29 1 391
29 7 345
28 1 334
24 10 322
23 11 175
22 3 109
22 2 219
20 1 228
