50

99 47 297
96 5 298
94 27 284
94 16 299
90 29 277
90 24 272
90 8 287
90 30 293
87 43 282
86 33 281
85 17 256
85 35 263
84 3 293
84 34 289
84 7 259
84 25 269
84 14 288
83 40 271
81 2 289
81 5 281
79 35 251
71 15 269
71 3 261
70 35 288
65 28 295
65 25 247
65 2 254
63 0 252
62 26 233
59 10 296
51 25 282
51 25 268
50 11 253
49 16 299
49 24 172
49 5 293
47 14 148
45 17 175
44 18 288
43 10 203
41 13 146
35 14 297
35 2 180
33 1 289
31 5 265
27 11 135
23 6 201
23 3 111
22 9 166
22 3 261
