50

100 22 217
99 23 192
98 26 189
97 37 228
94 29 420
93 45 288
91 25 394
89 0 210
89 1 378
89 18 258
85 38 371
85 29 479
84 38 421
83 23 308
81 39 491
81 19 458
78 28 456
73 11 492
73 16 225
73 31 384
73 15 333
70 30 239
69 11 469
68 5 491
64 12 296
64 29 220
63 12 488
59 19 326
54 24 471
49 10 415
48 14 215
45 18 305
45 23 441
43 16 495
42 9 325
41 19 430
39 7 422
37 13 247
37 4 278
36 3 233
32 15 267
30 10 409
26 2 379
26 9 461
25 0 344
24 8 354
24 12 248
23 1 239
21 5 448
21 1 295
