50

96 9 155
93 13 217
86 11 158
86 20 239
85 36 168
83 12 273
80 28 151
80 11 227
80 23 239
79 36 254
77 24 216
68 25 138
67 17 257
64 29 279
64 13 183
63 7 273
60 26 193
57 0 154
55 23 219
54 15 179
54 1 296
54 26 295
54 10 140
52 26 176
52 3 298
52 11 243
51 20 288
44 4 200
43 7 209
41 18 275
41 17 271
39 16 300
39 0 263
39 4 155
38 0 163
36 7 198
36 5 258
35 2 157
34 13 138
34 13 266
31 10 214
31 1 166
29 12 173
29 2 299
28 6 248
24 12 282
23 7 279
22 1 196
22 3 278
20 0 270
