50

99 26 197
96 10 373
94 8 191
94 2 385
90 39 370
90 7 285
90 38 306
90 36 306
87 35 459
86 0 471
85 26 252
85 9 254
84 13 188
84 33 426
84 21 248
84 18 275
84 31 342
83 32 411
81 19 467
81 32 296
79 1 356
71 5 467
71 4 449
70 23 430
65 18 484
65 33 249
65 2 384
63 21 429
62 18 374
59 19 296
51 26 305
51 22 194
50 7 473
49 13 277
49 9 462
49 4 343
47 10 195
45 6 397
44 5 396
43 10 254
41 19 431
35 6 233
35 7 449
33 2 268
31 16 257
27 14 312
23 8 451
23 2 208
22 2 210
22 7 493
