50

100 2 268
99 7 278
98 9 219
97 26 162
94 22 206
93 3 262
91 11 193
89 11 179
89 4 185
89 26 245
85 13 194
85 11 205
84 3 198
83 25 141
81 12 152
81 2 227
78 9 223
73 0 212
73 14 172
73 14 196
73 17 292
70 13 223
69 3 259
68 10 144
64 11 199
64 12 263
63 18 299
59 16 159
54 13 151
49 6 254
48 5 233
45 1 262
45 4 238
43 3 289
42 13 145
41 1 181
39 0 210
37 5 277
37 7 284
36 8 221
32 10 186
30 6 297
26 1 147
26 7 140
25 8 272
24 6 296
24 5 235
23 4 160
21 6 216
21 3 249
