50

99 27 308
99 11 368
96 13 331
96 25 352
92 13 297
92 19 334
91 11 320
88 15 313
87 18 345
86 18 395
85 13 295
76 21 270
74 16 222
72 21 222
69 15 373
67 10 390
67 1 329
62 17 190
61 10 388
56 10 327
52 2 378
51 2 240
49 4 262
46 8 296
44 8 181
42 3 167
40 1 230
40 7 156
33 7 227
33 9 380
30 7 253
30 4 341
29 5 164
28 8 155
28 7 296
27 5 217
25 1 374
24 5 186
23 3 271
22 5 197
21 5 198
20 2 354
17 6 390
14 4 337
13 2 325
11 4 313
10 1 148
7 3 69
7 2 194
3 1 202
