50

99 1 197
96 27 373
94 3 191
94 6 385
90 23 370
90 25 285
90 0 306
90 19 306
87 24 459
86 19 471
85 21 252
85 25 254
84 24 188
84 1 426
84 7 248
84 11 275
84 19 342
83 16 411
81 16 467
81 13 296
79 5 356
71 18 467
71 10 449
70 10 430
65 9 484
65 2 249
65 4 384
63 4 429
62 6 374
59 14 296
51 13 305
51 2 194
50 8 473
49 15 277
49 5 462
49 14 343
47 8 195
45 11 397
44 11 396
43 6 254
41 1 431
35 4 233
35 8 449
33 3 268
31 8 257
27 3 312
23 1 451
23 5 208
22 7 210
22 1 493
