50

92 27 191
89 15 370
87 43 185
84 10 383
82 15 367
82 15 281
81 25 302
75 5 303
73 5 458
71 8 470
67 23 248
67 33 250
63 21 182
59 28 425
57 11 244
56 9 271
52 3 339
49 6 409
48 1 466
47 10 292
46 16 353
41 7 466
39 16 448
38 4 428
36 8 484
35 1 244
34 10 382
34 5 427
30 1 372
29 10 292
26 1 302
21 3 189
20 6 472
19 7 273
18 4 461
15 4 340
15 7 189
13 3 396
11 1 394
10 0 249
10 0 430
10 4 228
9 1 448
8 4 264
8 3 253
7 1 308
6 0 450
6 2 203
6 1 205
3 0 493
