50

96 0 289
93 15 280
86 31 258
86 6 297
85 9 291
83 38 300
80 28 262
80 6 259
80 33 291
79 23 288
77 39 235
68 4 218
67 24 277
64 4 250
64 23 204
63 31 250
60 22 245
57 11 259
55 12 257
54 27 262
54 18 200
54 2 208
54 6 286
52 5 296
52 15 265
52 13 287
51 4 203
44 13 282
43 8 258
41 2 232
41 7 286
39 19 280
39 16 285
39 18 237
38 12 245
36 18 200
36 8 134
35 5 286
34 12 298
34 3 213
31 13 148
31 16 169
29 11 208
29 1 267
28 5 133
24 11 76
23 10 181
22 4 245
22 8 255
20 1 210
