50

100 24 300
99 19 299
97 3 293
97 14 297
97 14 292
93 8 290
93 1 280
92 19 281
92 4 292
88 26 296
83 22 297
83 9 260
79 23 245
76 4 250
76 20 290
75 21 235
72 15 280
71 3 233
70 20 295
69 8 274
67 19 298
66 19 244
63 9 263
62 15 236
62 0 265
61 8 260
61 13 243
51 8 293
50 9 264
44 0 199
44 4 227
43 8 231
43 11 162
40 7 124
39 2 139
37 4 120
37 0 292
30 9 218
23 4 299
20 1 182
19 2 272
18 3 147
17 4 276
15 1 218
14 3 131
13 3 125
13 2 73
12 0 109
8 3 138
8 1 296
