50

100 19 300
99 1 298
98 10 294
97 22 297
95 13 290
94 18 283
92 3 291
92 4 278
91 26 291
82 1 287
80 24 292
77 21 293
76 20 252
75 14 242
73 15 246
73 5 275
73 8 251
71 17 269
68 21 220
65 8 240
65 4 273
63 5 211
63 14 259
63 6 218
60 18 251
59 13 212
53 1 195
45 13 188
44 4 257
40 11 198
31 6 135
25 7 205
24 3 156
24 4 284
24 4 137
23 4 222
22 3 268
21 1 121
21 1 235
15 1 295
14 3 143
14 2 265
10 3 53
10 3 225
7 1 55
7 1 72
6 2 172
3 1 63
2 1 149
2 1 295
