50

99 1 297
96 2 288
95 26 285
95 27 299
91 23 294
91 5 300
91 0 283
90 9 279
89 13 295
86 17 292
85 7 258
85 17 261
84 13 289
79 22 271
76 13 236
69 14 258
68 10 256
68 7 269
65 0 267
64 2 270
63 6 220
58 15 216
58 7 287
54 10 296
53 3 266
52 12 287
50 14 201
49 1 283
48 4 261
48 0 240
45 4 287
45 0 282
43 2 286
42 13 240
36 4 244
35 9 199
33 5 126
31 4 285
31 4 298
30 7 207
30 3 146
30 4 167
29 3 208
27 3 267
27 1 131
26 3 81
22 1 179
22 6 245
22 0 255
21 2 211
