50

100 22 300
99 28 299
97 24 293
97 42 297
97 12 292
93 23 290
93 4 280
92 46 281
92 39 292
88 21 296
83 25 297
83 20 260
79 35 245
76 2 250
76 11 290
75 20 235
72 0 280
71 8 233
70 13 295
69 19 274
67 13 298
66 7 244
63 2 263
62 24 236
62 6 265
61 27 260
61 27 243
51 9 293
50 14 264
44 7 199
44 20 227
43 15 231
43 22 162
40 0 124
39 15 139
37 9 120
37 8 292
30 13 218
23 1 299
20 9 182
19 0 272
18 2 147
17 3 276
15 4 218
14 2 131
13 4 125
13 2 73
12 5 109
8 3 138
8 4 296
