50

99 19 197
99 9 373
96 30 191
96 15 385
92 11 370
92 4 285
91 38 306
88 7 306
87 19 459
86 14 471
85 26 252
76 21 254
74 8 188
72 16 426
69 16 248
67 25 275
67 12 342
62 29 411
61 28 467
56 26 296
52 25 356
51 15 467
49 10 449
46 2 430
44 6 484
42 4 249
40 8 384
40 16 429
33 5 374
33 1 296
30 6 305
30 14 194
29 5 473
28 13 277
28 14 462
27 10 343
25 7 195
24 2 397
23 3 396
22 10 254
21 9 431
20 1 233
17 6 449
14 7 268
13 3 257
11 3 312
10 3 451
7 3 208
7 1 210
3 2 493
