50

100 10 311
99 3 350
97 9 296
97 17 380
97 20 351
93 2 346
93 10 300
92 26 400
92 27 395
88 24 293
83 28 335
83 6 350
79 26 363
76 8 307
76 4 270
75 5 348
72 5 361
71 19 359
70 25 354
69 12 336
67 23 223
66 25 201
63 22 324
62 30 289
62 15 200
61 30 379
61 13 397
51 8 389
50 22 188
44 6 133
44 19 320
43 10 284
43 13 234
40 2 162
39 19 236
37 12 339
37 4 343
30 10 198
23 1 101
20 5 299
19 1 389
18 6 212
17 9 215
15 1 362
14 2 201
13 7 342
13 6 64
12 5 171
8 4 44
8 4 205
