50

96 23 300
93 12 362
86 21 312
86 26 339
85 17 280
83 19 320
80 15 299
80 3 297
80 22 337
79 18 394
77 13 278
68 15 252
67 17 201
64 14 198
64 17 371
63 6 390
60 4 322
57 3 175
55 1 387
54 10 325
54 5 379
54 6 245
54 6 270
52 2 303
52 7 201
52 2 192
51 5 250
44 10 166
43 3 244
41 3 381
41 11 268
39 8 346
39 10 186
39 5 180
38 5 306
36 7 232
36 2 377
35 3 207
34 6 283
34 11 219
31 8 216
31 1 359
29 6 391
29 7 345
28 3 334
24 2 322
23 1 175
22 4 109
22 7 219
20 1 228
