50

91 12 151
88 22 215
88 1 154
87 22 238
87 5 165
86 43 273
86 25 148
85 42 225
85 1 238
84 12 253
83 7 214
80 6 134
79 34 256
78 5 278
77 24 181
70 15 272
70 24 191
68 24 150
67 18 217
66 13 176
59 14 296
52 11 295
49 18 136
48 4 173
47 10 298
47 6 242
44 21 288
42 14 198
38 8 207
37 11 274
37 13 270
34 4 300
34 11 262
33 2 152
31 12 160
29 13 196
27 13 257
24 3 153
21 4 134
17 2 265
16 6 212
16 3 163
15 6 170
14 1 299
8 2 247
6 3 282
5 1 278
4 1 194
2 1 278
2 1 269
