50

100 41 217
99 42 192
98 14 189
97 33 228
95 27 420
94 30 288
92 22 394
92 36 210
91 31 378
82 39 258
80 29 371
77 27 479
76 20 421
75 15 308
73 32 491
73 3 458
73 14 456
71 34 492
68 30 225
65 27 384
65 32 333
63 15 239
63 18 469
63 19 491
60 21 296
59 7 220
53 18 488
45 23 326
44 3 471
40 11 415
31 3 215
25 5 305
24 11 441
24 11 495
24 8 325
23 1 430
22 2 422
21 7 247
21 10 278
15 2 233
14 1 267
14 4 409
10 3 379
10 4 461
7 1 344
7 2 354
6 0 248
3 1 239
2 1 448
2 1 295
