50

99 14 197
99 10 373
96 10 191
96 17 385
92 19 370
92 25 285
91 9 306
88 7 306
87 22 459
86 18 471
85 5 252
76 14 254
74 7 188
72 7 426
69 19 248
67 21 275
67 20 342
62 8 411
61 11 467
56 17 296
52 3 356
51 11 467
49 6 449
46 3 430
44 12 484
42 10 249
40 2 384
40 6 429
33 3 374
33 2 296
30 9 305
30 2 194
29 5 473
28 4 277
28 9 462
27 7 343
25 7 195
24 5 397
23 5 396
22 3 254
21 3 431
20 2 233
17 4 449
14 4 268
13 2 257
11 2 312
10 2 451
7 2 208
7 1 210
3 1 493
