50

97 48 291
97 21 298
90 35 273
89 6 297
89 43 275
89 9 270
85 13 280
83 34 288
82 8 275
81 31 274
77 0 232
76 4 241
76 22 290
75 33 283
71 32 225
71 28 243
68 18 275
68 25 245
66 16 280
63 6 263
63 32 214
63 7 260
62 11 249
61 9 285
61 19 295
59 26 237
58 20 245
54 13 240
53 10 217
50 4 295
50 4 282
50 10 268
46 1 250
43 18 299
40 16 150
36 12 291
36 7 116
33 13 148
32 10 285
31 12 183
31 13 120
31 15 297
28 11 167
27 10 288
27 6 263
26 5 133
26 9 205
24 8 114
23 4 168
22 3 261
