50

91 19 276
88 15 266
88 8 264
87 40 297
87 30 292
86 37 300
86 41 274
85 14 269
85 33 294
84 11 291
83 26 252
80 11 249
79 13 286
78 29 269
77 5 239
70 3 259
70 14 259
68 31 269
67 3 269
66 27 272
59 22 211
52 19 204
49 18 285
48 13 295
47 24 261
47 1 285
44 1 190
42 15 281
38 9 254
37 9 228
37 10 285
34 15 278
34 17 284
33 6 230
31 11 239
29 3 190
27 5 110
24 1 284
21 2 297
17 7 190
16 1 115
16 5 140
15 8 190
14 3 261
8 2 87
6 2 23
5 2 153
4 2 232
2 1 243
2 1 189
