50

100 39 300
99 49 299
98 7 296
97 27 297
95 22 287
94 14 292
92 38 278
92 40 281
91 38 291
82 2 294
80 24 297
77 6 247
76 12 238
75 2 248
73 18 288
73 7 230
73 27 281
71 34 233
68 21 294
65 6 271
65 20 298
63 7 239
63 29 263
63 9 238
60 13 263
59 12 258
53 1 232
45 21 292
44 18 259
40 6 192
31 15 210
25 8 209
24 2 116
24 6 77
24 12 100
23 0 80
22 1 291
21 11 208
21 3 299
15 7 175
14 0 270
14 1 140
10 0 274
10 3 213
7 2 118
7 0 113
6 0 55
3 0 89
2 1 127
2 1 296
