50

100 11 300
99 7 298
98 19 294
97 30 297
94 11 288
93 0 280
91 9 290
89 4 269
89 5 289
89 18 292
85 9 294
85 21 296
84 19 268
83 7 261
81 19 262
81 9 282
78 8 260
73 22 271
73 2 232
73 14 254
73 4 279
70 7 227
69 7 266
68 16 229
64 8 256
64 6 223
63 6 217
59 3 217
54 11 264
49 2 213
48 2 176
45 6 230
45 13 196
43 5 288
42 3 176
41 2 241
39 11 275
37 12 157
37 3 248
36 10 296
32 9 176
30 3 271
26 3 97
26 4 238
25 5 102
24 4 114
24 2 196
23 2 112
21 7 179
21 7 296
