50

92 24 152
89 11 216
87 24 155
84 22 238
82 15 166
82 25 273
81 6 148
75 22 225
73 6 238
71 9 253
67 1 215
67 8 135
63 2 256
59 13 278
57 7 181
56 12 272
52 6 191
49 1 151
48 3 217
47 5 177
46 8 296
41 7 295
39 12 137
38 4 173
36 6 298
35 6 242
34 1 288
34 7 198
30 7 208
29 3 274
26 4 270
21 3 300
20 6 263
19 6 153
18 3 161
15 2 196
15 1 257
13 4 154
11 4 135
10 3 266
10 2 212
10 3 164
9 3 171
8 2 299
8 2 247
7 2 282
6 2 278
6 2 194
6 1 278
3 1 270
