50

100 25 300
99 22 298
97 33 291
97 18 297
97 47 294
93 8 280
93 27 292
92 28 278
92 19 292
88 39 291
83 42 293
83 22 295
79 7 258
76 19 245
76 21 252
75 2 277
72 1 249
71 33 269
70 5 225
69 35 247
67 33 274
66 7 218
63 30 259
62 31 216
62 15 254
61 10 217
61 8 213
51 18 200
50 21 261
44 15 205
44 20 166
43 7 228
43 7 192
40 15 287
39 9 169
37 5 237
37 1 274
30 3 141
23 11 237
20 7 295
19 2 152
18 4 266
17 4 72
15 5 229
14 7 73
13 7 87
13 2 181
12 2 85
8 2 159
8 4 295
