50

92 25 276
89 32 293
87 36 266
84 37 296
82 22 259
82 26 250
81 30 275
75 17 282
73 28 263
71 35 261
67 30 203
67 21 219
63 6 284
59 14 271
57 7 189
56 26 214
52 3 263
49 11 212
48 12 270
47 3 247
46 6 175
41 14 236
39 7 219
38 10 276
36 12 291
35 16 201
34 4 214
34 15 214
30 9 177
29 15 293
26 2 272
21 10 249
20 1 225
19 9 299
18 7 95
15 0 288
15 5 56
13 6 102
11 2 280
10 4 148
10 4 65
10 5 296
9 0 132
8 4 285
8 3 253
7 2 90
6 0 179
6 3 70
6 2 138
3 0 252
