50

92 45 278
89 33 269
87 28 261
84 35 296
82 30 289
82 35 300
81 22 264
75 15 249
73 28 288
71 34 283
67 4 207
67 15 215
63 32 274
59 9 243
57 19 186
56 4 240
52 24 234
49 1 251
48 9 250
47 7 256
46 22 183
41 18 182
39 3 282
38 13 294
36 15 253
35 5 282
34 15 170
34 13 278
30 9 248
29 13 219
26 10 283
21 6 274
20 1 280
19 8 216
18 6 228
15 3 168
15 2 79
13 3 282
11 5 297
10 4 181
10 4 102
10 1 129
9 5 182
8 1 258
8 4 87
7 3 25
6 2 155
6 3 233
6 3 246
3 1 191
