50

99 41 297
96 2 288
94 18 282
94 36 299
90 38 294
90 31 300
90 9 281
90 33 279
87 9 295
86 28 292
85 28 258
85 6 261
84 30 289
84 24 278
84 7 257
84 36 278
84 10 278
83 2 284
81 37 282
81 18 284
79 8 254
71 5 242
71 12 291
70 12 297
65 1 275
65 20 291
65 10 231
63 4 288
62 15 272
59 4 253
51 24 289
51 26 284
50 18 288
49 24 247
49 5 255
49 17 221
47 22 162
45 20 288
44 10 298
43 4 225
41 17 170
35 1 176
35 1 216
33 1 269
31 2 140
27 5 84
23 8 181
23 4 246
22 6 255
22 2 212
