50

97 23 156
97 32 218
90 26 159
89 10 240
89 20 169
89 28 274
85 20 152
83 12 227
82 26 240
81 33 254
77 23 217
76 15 139
76 35 257
75 0 279
71 5 184
71 10 273
68 24 194
68 1 154
66 19 219
63 16 180
63 18 296
63 28 295
62 17 141
61 27 176
61 30 298
59 12 243
58 21 288
54 0 201
53 0 210
50 12 275
50 6 271
50 22 300
46 0 264
43 14 156
40 16 164
36 1 199
36 3 258
33 12 158
32 2 139
31 9 266
31 4 214
31 0 167
28 12 174
27 1 300
27 3 249
26 6 282
26 12 279
24 1 197
23 2 278
22 6 270
