50

96 3 155
93 27 217
86 12 158
86 13 239
85 8 168
83 15 273
80 21 151
80 18 227
80 6 239
79 22 254
77 20 216
68 11 138
67 7 257
64 4 279
64 1 183
63 18 273
60 1 193
57 10 154
55 10 219
54 10 179
54 13 296
54 4 295
54 2 140
52 11 176
52 8 298
52 4 243
51 4 288
44 10 200
43 10 209
41 11 275
41 4 271
39 7 300
39 0 263
39 10 155
38 2 163
36 2 198
36 7 258
35 0 157
34 4 138
34 5 266
31 2 214
31 5 166
29 7 173
29 7 299
28 1 248
24 3 282
23 5 279
22 6 196
22 7 278
20 4 270
