50

99 49 157
99 12 219
96 5 160
96 14 241
92 21 171
92 16 274
91 25 154
88 13 228
87 32 241
86 36 255
85 34 218
76 34 141
74 19 258
72 1 279
69 6 186
67 9 273
67 30 195
62 15 156
61 7 220
56 6 181
52 14 296
51 1 295
49 23 143
46 22 178
44 13 298
42 11 244
40 12 289
40 8 202
33 11 211
33 13 275
30 8 271
30 12 300
29 6 264
28 7 158
28 5 166
27 14 200
25 4 258
24 9 160
23 2 141
22 4 267
21 11 215
20 2 168
17 8 176
14 2 300
13 3 249
11 2 283
10 4 279
7 4 198
7 1 279
3 1 271
