50

99 49 157
96 6 219
94 13 160
94 45 241
90 23 171
90 17 274
90 30 154
90 37 228
87 40 241
86 18 255
85 27 218
85 18 141
84 27 258
84 8 279
84 37 186
84 34 273
84 41 195
83 21 156
81 23 220
81 31 181
79 10 296
71 2 295
71 12 143
70 22 178
65 30 298
65 33 244
65 29 289
63 6 202
62 9 211
59 13 275
51 10 271
51 8 300
50 3 264
49 19 158
49 23 166
49 5 200
47 24 258
45 9 160
44 5 141
43 15 267
41 8 215
35 6 168
35 12 176
33 4 300
31 14 249
27 10 283
23 1 279
23 2 198
22 8 279
22 7 271
