50

99 48 297
99 1 300
96 32 289
96 10 299
92 18 282
92 14 278
91 38 288
88 13 292
87 36 282
86 3 281
85 0 256
76 21 241
74 10 289
72 5 280
69 0 220
67 19 236
67 30 274
62 25 234
61 3 277
56 8 256
52 12 188
51 22 247
49 9 232
46 15 279
44 2 292
42 9 211
40 4 222
40 19 222
33 6 182
33 10 293
30 13 274
30 3 254
29 5 234
28 5 299
28 4 120
27 14 290
25 9 85
24 9 127
23 12 283
22 3 168
21 10 94
20 8 296
17 5 147
14 6 286
13 1 255
11 6 99
10 0 184
7 4 72
7 1 140
3 2 252
