50

99 14 197
96 20 373
95 10 191
95 26 385
91 18 370
91 20 285
91 18 306
90 5 306
89 12 459
86 5 471
85 22 252
85 17 254
84 9 188
79 10 426
76 4 248
69 6 275
68 3 342
68 12 411
65 9 467
64 19 296
63 6 356
58 7 467
58 12 449
54 5 430
53 15 484
52 13 249
50 5 384
49 7 429
48 5 374
48 15 296
45 6 305
45 6 194
43 2 473
42 4 277
36 1 462
35 0 343
33 1 195
31 5 397
31 6 396
30 3 254
30 8 431
30 8 233
29 9 449
27 1 268
27 6 257
26 8 312
22 2 451
22 1 208
22 6 210
21 1 493
