50

92 8 191
89 21 370
87 26 185
84 26 383
82 5 367
82 12 281
81 23 302
75 23 303
73 14 458
71 14 470
67 6 248
67 10 250
63 2 182
59 17 425
57 13 244
56 11 271
52 7 339
49 14 409
48 8 466
47 10 292
46 12 353
41 4 466
39 2 448
38 4 428
36 11 484
35 4 244
34 2 382
34 6 427
30 3 372
29 6 292
26 3 302
21 2 189
20 1 472
19 3 273
18 5 461
15 4 340
15 4 189
13 2 396
11 2 394
10 2 249
10 2 430
10 1 228
9 2 448
8 1 264
8 2 253
7 3 308
6 2 450
6 1 203
6 2 205
3 1 493
