50

100 27 217
99 6 192
98 7 189
97 21 228
94 5 420
93 26 288
91 1 394
89 3 210
89 12 378
89 18 258
85 3 371
85 16 479
84 15 421
83 21 308
81 22 491
81 8 458
78 21 456
73 3 492
73 18 225
73 13 384
73 19 333
70 1 239
69 14 469
68 6 491
64 7 296
64 19 220
63 8 488
59 8 326
54 16 471
49 6 415
48 14 215
45 6 305
45 12 441
43 8 495
42 11 325
41 3 430
39 1 422
37 1 247
37 5 278
36 8 233
32 7 267
30 9 409
26 5 379
26 6 461
25 0 344
24 2 354
24 1 248
23 7 239
21 7 448
21 6 295
