50

99 29 197
96 10 373
95 48 191
95 14 385
91 37 370
91 35 285
91 31 306
90 25 306
89 34 459
86 17 471
85 18 252
85 18 254
84 7 188
79 39 426
76 27 248
69 4 275
68 19 342
68 20 411
65 19 467
64 0 296
63 13 356
58 22 467
58 0 449
54 3 430
53 21 484
52 22 249
50 0 384
49 1 429
48 15 374
48 14 296
45 0 305
45 6 194
43 1 473
42 1 277
36 16 462
35 10 343
33 2 195
31 10 397
31 4 396
30 3 254
30 0 431
30 15 233
29 8 449
27 13 268
27 10 257
26 9 312
22 4 451
22 8 208
22 1 210
21 9 493
