50

99 22 297
99 6 300
96 23 289
96 11 299
92 17 282
92 23 278
91 19 288
88 8 292
87 15 282
86 12 281
85 9 256
76 8 241
74 21 289
72 3 280
69 4 220
67 15 236
67 3 274
62 12 234
61 5 277
56 15 256
52 8 188
51 8 247
49 8 232
46 4 279
44 10 292
42 11 211
40 7 222
40 6 222
33 10 182
33 2 293
30 4 274
30 0 254
29 4 234
28 9 299
28 2 120
27 7 290
25 5 85
24 7 127
23 5 283
22 6 168
21 5 94
20 5 296
17 2 147
14 1 286
13 1 255
11 3 99
10 2 184
7 0 72
7 0 140
3 0 252
