50

99 20 157
96 3 219
95 15 160
95 21 241
91 22 171
91 19 274
91 8 154
90 18 228
89 13 241
86 20 255
85 5 218
85 15 141
84 17 258
79 12 279
76 1 186
69 5 273
68 0 195
68 18 156
65 16 220
64 0 181
63 14 296
58 16 295
58 9 143
54 2 178
53 3 298
52 6 244
50 2 289
49 14 202
48 9 211
48 14 275
45 8 271
45 0 300
43 9 264
42 13 158
36 7 166
35 4 200
33 2 258
31 10 160
31 3 141
30 7 267
30 0 215
30 3 168
29 1 176
27 9 300
27 2 249
26 6 283
22 2 279
22 6 198
22 5 279
21 3 271
