50

97 27 195
97 9 372
90 16 189
89 33 384
89 35 369
89 4 284
85 5 305
83 17 305
82 13 459
81 37 471
77 3 251
76 10 253
76 1 186
75 1 426
71 30 247
71 23 274
68 28 341
68 31 411
66 0 466
63 16 295
63 6 355
63 26 466
62 2 449
61 11 429
61 14 484
59 13 247
58 6 384
54 1 428
53 17 374
50 19 295
50 24 304
50 0 192
46 2 473
43 1 276
40 16 462
36 8 342
36 6 193
33 11 397
32 0 396
31 3 253
31 7 431
31 14 231
28 14 449
27 6 267
27 5 256
26 7 311
26 7 451
24 12 207
23 11 209
22 10 493
