50

100 4 311
99 5 350
98 26 299
97 23 380
95 1 348
94 23 347
92 7 298
92 17 400
91 28 395
82 3 279
80 11 331
77 21 344
76 10 361
75 6 305
73 12 263
73 1 346
73 13 361
71 19 359
68 12 353
65 18 332
65 2 218
63 11 192
63 16 324
63 13 291
60 15 195
59 13 378
53 13 397
45 2 388
44 11 173
40 4 121
31 1 308
25 2 261
24 7 199
24 8 121
24 8 210
23 4 330
22 5 334
21 6 180
21 4 95
15 2 294
14 1 388
14 5 206
10 2 204
10 2 361
7 1 190
7 3 339
6 2 44
3 0 154
2 0 27
2 1 196
