50

100 1 268
99 24 278
98 8 219
97 26 162
95 1 206
94 21 262
92 28 193
92 8 179
91 3 185
82 18 245
80 13 194
77 4 205
76 4 198
75 15 141
73 12 152
73 14 227
73 8 223
71 22 212
68 11 172
65 8 196
65 1 292
63 1 223
63 3 259
63 17 144
60 17 199
59 8 263
53 2 299
45 7 159
44 13 151
40 11 254
31 3 233
25 4 262
24 3 238
24 7 289
24 6 145
23 6 181
22 4 210
21 5 277
21 5 284
15 4 221
14 3 186
14 5 297
10 3 147
10 3 140
7 1 272
7 2 296
6 1 235
3 1 160
2 1 216
2 1 249
