100

98 36 305
97 14 366
94 9 327
92 41 346
91 20 295
91 40 333
90 44 318
89 11 315
86 11 344
85 33 395
84 23 293
83 38 286
82 3 246
81 33 248
78 36 377
76 3 392
75 4 338
73 36 222
73 23 390
72 29 342
72 7 384
71 5 279
70 9 296
70 24 325
69 24 242
69 13 236
66 27 278
64 12 219
60 30 273
60 27 385
59 11 294
58 14 357
57 28 227
56 15 220
55 8 322
54 25 263
53 25 381
52 4 241
52 14 305
51 1 250
50 1 250
49 20 366
49 2 393
48 5 355
47 9 346
47 13 339
45 12 220
43 17 164
43 21 253
43 16 263
42 17 205
42 3 299
42 3 134
42 2 279
40 7 267
39 2 154
39 13 312
36 10 285
35 15 205
34 17 339
34 8 123
34 5 170
33 9 101
32 5 355
30 6 326
30 5 93
30 14 118
29 4 188
29 13 390
28 9 299
25 11 226
23 2 335
22 1 303
22 7 137
22 3 230
22 7 76
22 11 360
20 10 213
20 9 300
19 9 295
19 10 97
18 8 176
16 3 168
16 1 380
16 6 391
15 1 227
15 3 275
15 3 239
13 6 183
12 3 167
12 3 155
10 1 345
9 5 202
8 1 396
6 3 98
5 1 387
4 2 328
4 2 52
2 1 270
2 1 70
