100

100 11 300
99 14 298
99 5 297
98 2 298
96 18 292
95 16 285
95 15 295
95 24 286
93 28 293
93 1 295
92 9 297
92 12 298
92 16 284
91 9 279
90 8 280
89 4 290
89 11 280
89 9 288
87 12 267
87 23 278
87 24 290
85 4 264
84 10 282
81 3 258
81 25 277
80 23 257
79 19 253
77 15 253
74 16 280
74 1 256
74 7 238
73 11 266
73 7 249
72 6 294
71 20 238
70 9 270
70 7 288
66 6 223
66 3 272
65 1 298
65 16 236
65 2 286
64 17 201
63 4 269
63 9 202
63 7 209
63 1 250
63 8 209
61 15 240
57 6 298
56 7 283
54 5 300
52 6 246
52 3 234
51 8 154
49 12 214
48 2 208
46 13 259
44 12 156
44 6 259
44 6 244
42 8 292
40 7 151
40 1 200
40 3 192
38 1 134
38 8 254
35 1 239
34 3 121
31 2 232
31 4 193
31 6 193
30 9 299
27 6 115
27 6 121
25 8 296
25 2 123
24 4 268
21 3 117
21 7 132
21 6 135
18 6 85
17 1 268
17 5 76
16 2 194
16 4 133
16 1 158
15 2 52
15 4 205
11 4 195
11 1 190
9 1 280
9 2 74
9 2 142
8 1 244
5 2 206
5 1 210
5 2 166
3 1 269
1 1 156
