100

100 18 300
100 24 300
99 5 297
99 11 297
99 10 300
97 13 298
96 15 300
95 23 290
95 17 290
93 13 297
93 27 296
93 28 280
91 24 277
89 4 293
89 6 285
89 6 270
88 4 284
87 10 282
87 7 288
86 5 287
85 24 288
85 4 267
84 10 268
83 17 295
81 19 299
80 7 286
80 9 295
79 12 258
79 15 293
78 12 284
78 2 275
78 1 295
77 2 293
75 8 294
75 7 274
73 7 276
73 7 258
73 20 230
72 16 294
71 2 299
71 18 262
70 12 234
70 1 243
69 6 260
66 6 285
65 18 219
65 15 196
63 16 243
60 17 272
60 3 277
59 8 254
59 2 240
58 10 220
58 3 291
57 8 272
57 14 206
55 13 287
55 3 262
55 9 208
55 8 209
54 1 256
54 10 175
53 10 267
53 1 165
52 12 159
51 1 199
50 3 172
50 8 185
49 3 261
49 3 198
49 1 186
48 9 164
45 10 221
45 12 155
45 11 139
45 6 177
44 10 257
44 12 214
43 3 144
43 8 240
41 13 207
41 10 239
40 9 160
40 6 180
40 10 186
36 4 184
36 11 222
35 10 289
34 9 132
34 6 264
33 7 159
33 4 191
33 2 192
33 10 175
33 2 151
32 9 165
32 2 130
32 3 145
32 1 152
30 4 254
