100

100 37 217
99 24 192
99 18 189
98 41 228
98 4 420
96 40 288
96 46 394
93 25 210
89 3 378
84 31 258
84 7 371
83 1 479
83 24 421
82 20 308
81 18 491
80 9 458
79 25 456
79 16 492
79 39 225
79 29 384
78 8 333
77 25 239
76 31 469
75 8 491
74 4 296
71 36 220
71 5 488
70 18 326
69 22 471
69 7 415
68 25 215
67 34 305
67 26 441
66 32 495
62 16 325
56 14 430
55 10 422
54 3 247
53 11 278
51 13 233
50 22 267
50 3 409
50 7 379
49 20 461
48 5 344
48 23 354
47 18 248
45 16 239
45 22 448
45 16 295
42 16 368
42 14 500
42 4 212
41 19 433
41 5 347
40 9 457
40 13 486
39 14 383
38 19 454
37 14 408
36 6 430
36 6 181
34 2 285
34 5 370
33 12 497
32 14 378
32 12 394
31 12 294
29 10 227
28 12 225
28 6 250
28 6 440
26 2 440
24 11 438
24 4 394
22 5 200
22 10 259
22 2 281
21 1 241
18 9 471
18 9 226
17 9 282
17 2 377
15 6 478
14 6 397
14 3 229
12 4 419
12 1 205
11 5 355
10 5 480
10 3 405
9 2 268
8 2 327
7 3 465
7 1 319
5 1 354
3 1 285
3 1 229
2 1 409
2 1 189
