100

100 14 300
100 30 300
99 13 298
99 3 298
99 3 298
97 13 292
96 16 300
95 19 300
95 13 299
93 23 280
93 7 294
93 10 290
91 12 286
89 26 295
89 15 288
89 5 271
88 1 285
87 2 292
87 2 269
86 7 267
85 2 283
85 10 289
84 8 274
83 20 251
81 3 299
80 5 243
80 1 285
79 2 266
79 4 241
78 9 269
78 8 271
78 24 281
77 21 254
75 14 228
75 22 270
73 12 227
73 11 248
73 21 220
72 9 280
71 10 236
71 2 226
70 17 272
70 14 239
69 17 264
66 8 250
65 1 266
65 4 213
63 14 203
60 7 211
60 7 227
59 4 257
59 2 202
58 1 194
58 4 289
57 12 273
57 14 185
55 12 184
55 15 272
55 13 217
55 17 207
54 9 283
54 13 256
53 8 196
53 9 213
52 9 263
51 15 192
50 2 163
50 1 250
49 12 246
49 1 180
49 13 199
48 10 279
45 12 293
45 5 271
45 4 143
45 11 288
44 6 186
44 4 155
43 8 281
43 8 186
41 10 294
41 10 211
40 8 146
40 5 161
40 12 219
36 5 177
36 5 190
35 2 241
34 2 132
34 9 149
33 9 263
33 6 138
33 2 272
33 6 280
33 8 215
32 7 230
32 10 252
32 8 158
32 1 143
30 4 164
