100

100 12 311
100 17 345
99 11 368
99 6 336
99 2 356
97 4 309
96 7 341
95 24 327
95 7 326
93 3 353
93 6 396
93 28 312
91 15 304
89 11 267
89 10 271
89 25 382
88 14 394
87 19 351
87 13 263
86 18 392
85 8 355
85 4 387
84 1 304
83 16 318
81 12 338
80 14 269
80 15 264
79 9 301
79 21 258
78 18 304
78 17 389
78 22 321
77 16 368
75 15 268
75 19 264
73 19 340
73 20 296
73 4 386
72 15 280
71 12 327
71 6 286
70 4 286
70 14 375
69 18 395
66 10 365
65 19 357
65 6 351
63 11 256
60 2 208
60 10 280
59 5 287
59 4 241
58 6 317
58 14 180
57 5 299
57 6 291
55 12 196
55 8 327
55 3 308
55 2 244
54 5 351
54 3 178
53 16 214
53 14 161
52 1 364
51 11 341
50 9 152
50 9 173
49 6 229
49 10 392
49 15 319
48 8 263
45 2 348
45 9 323
45 9 191
45 4 265
44 3 140
44 11 368
43 6 251
43 6 321
41 13 315
41 13 156
40 2 219
40 9 216
40 6 384
36 2 393
36 7 257
35 11 296
34 10 265
34 9 221
33 10 207
33 6 197
33 4 355
33 3 240
33 7 397
32 7 160
32 7 389
32 10 343
32 3 127
30 3 298
