100

99 4 308
97 24 366
97 15 332
96 1 352
96 4 307
94 21 337
93 28 323
93 27 322
92 21 351
92 23 396
91 10 308
90 2 302
90 7 270
90 23 274
88 19 381
87 2 393
87 16 351
86 16 260
86 19 392
86 24 356
85 20 387
85 24 306
85 19 321
85 19 343
84 3 279
84 14 274
83 2 309
83 14 268
82 10 311
82 21 390
81 13 325
81 5 370
81 23 281
79 13 273
79 10 346
78 20 305
77 24 387
76 21 288
76 6 333
76 2 295
76 20 297
76 12 377
74 22 395
74 9 369
73 22 362
71 4 356
71 2 273
70 15 234
70 10 297
69 16 302
69 14 262
67 7 327
67 1 207
66 13 311
65 17 302
65 1 222
65 14 336
63 5 317
62 12 258
62 6 356
61 10 198
60 17 230
60 18 181
60 13 367
59 8 346
59 1 179
58 11 194
57 6 245
56 11 393
56 14 326
55 4 274
55 17 354
54 2 331
53 14 210
52 15 276
51 1 160
50 12 370
50 4 262
48 4 325
48 1 322
43 9 161
40 9 219
38 10 212
38 11 384
38 4 393
37 3 259
35 7 296
35 11 266
35 3 222
35 3 211
34 2 199
33 8 355
33 3 240
32 1 397
32 5 160
31 9 389
31 6 343
31 3 124
31 6 299
30 3 140
