100

100 2 300
100 15 300
100 21 300
99 13 297
99 18 299
99 38 298
99 21 297
98 30 298
97 18 291
96 10 296
95 29 297
94 31 298
94 15 298
91 11 282
90 27 277
90 25 280
90 26 291
89 8 280
89 40 288
89 33 272
88 14 279
88 7 291
87 39 268
87 21 286
86 20 269
85 24 282
85 43 268
85 1 266
84 4 267
82 14 286
81 24 268
80 32 252
80 31 275
79 39 260
79 4 296
77 23 251
76 15 276
74 20 290
73 13 239
71 27 276
70 24 298
69 20 243
68 28 287
68 21 212
67 27 273
67 22 213
66 7 217
65 11 252
65 4 214
65 2 246
62 19 298
62 14 286
62 30 300
59 11 254
59 23 244
59 4 177
57 29 227
57 25 224
55 18 266
55 4 184
54 26 267
51 22 251
50 22 293
49 8 173
47 8 211
47 11 205
46 13 155
45 8 259
45 20 249
43 20 145
42 14 243
41 13 209
41 9 209
41 9 299
39 20 146
38 6 148
37 7 297
35 18 146
35 18 273
34 13 147
34 6 159
34 2 162
33 5 124
32 10 274
31 15 114
30 4 212
29 15 159
29 13 180
27 5 87
26 10 217
26 5 212
25 13 208
24 2 283
24 2 111
24 1 168
21 2 252
21 9 222
21 8 225
20 4 187
20 1 275
