100

100 30 187
100 35 240
99 9 474
98 39 447
98 24 201
97 24 284
97 45 237
96 31 351
95 1 306
95 15 231
94 10 325
94 12 340
94 41 334
93 1 473
92 33 200
89 2 428
89 6 447
88 1 361
88 1 317
88 2 305
88 13 353
87 24 410
86 35 424
85 29 378
84 11 220
84 27 255
82 40 493
81 29 193
81 2 193
80 15 448
79 17 388
78 37 344
77 14 334
77 4 191
76 25 303
76 29 301
76 25 300
76 33 378
74 30 390
74 2 200
74 29 207
73 15 321
72 4 183
72 24 329
72 18 478
71 23 206
71 10 337
71 25 346
69 21 394
69 2 440
68 7 240
68 31 368
68 20 187
68 29 405
67 32 442
67 16 295
66 24 307
66 5 251
65 4 213
65 10 497
64 13 398
64 19 441
62 23 441
61 31 434
58 9 297
57 9 304
57 6 196
57 2 286
56 17 375
55 23 479
54 5 186
54 20 228
54 13 408
53 17 321
53 1 466
52 17 384
52 25 277
52 2 419
52 15 379
51 12 329
51 3 277
50 25 301
49 20 458
49 22 260
48 13 471
47 2 221
46 3 379
45 6 449
45 3 449
40 18 234
40 2 446
39 7 255
37 16 468
37 18 281
35 8 364
34 5 446
34 4 299
33 11 426
33 7 364
30 3 376
