100

100 1 300
100 14 300
100 35 300
99 18 297
99 19 299
98 26 296
96 35 288
95 1 295
95 39 286
94 43 294
93 9 295
93 8 297
92 4 298
90 38 280
90 23 277
89 33 278
86 5 287
86 23 274
85 14 284
85 38 262
84 40 273
83 24 287
82 17 256
82 37 280
82 29 260
81 33 277
80 7 257
79 14 253
77 11 253
77 16 282
77 31 261
76 17 243
75 31 268
75 33 253
75 7 295
74 1 244
73 18 273
71 7 288
71 22 234
69 1 275
68 34 298
67 3 240
67 23 287
67 2 209
65 9 271
63 26 202
63 20 209
60 24 245
57 10 195
56 26 232
56 24 298
55 15 283
55 15 300
54 12 249
54 13 237
54 14 163
53 3 221
53 2 217
51 4 263
51 10 174
47 19 262
46 5 246
46 21 293
45 17 163
45 6 208
45 6 201
44 5 150
44 2 259
44 20 248
44 12 148
43 13 244
41 5 209
40 8 207
40 11 299
39 17 146
39 13 151
39 1 297
39 20 156
38 10 274
36 3 152
36 12 164
34 14 162
33 6 124
33 16 274
32 4 117
32 5 214
31 10 163
30 7 181
29 10 93
28 12 219
26 13 212
25 10 208
24 6 283
24 5 111
23 12 166
22 10 252
22 3 223
22 1 226
21 10 189
20 4 275
