100

100 15 311
99 19 350
99 15 302
98 12 380
98 21 352
96 15 350
96 27 308
93 15 400
89 23 395
84 11 284
84 19 336
83 4 350
83 15 366
82 10 317
81 2 281
80 19 353
79 22 365
79 23 364
79 1 361
79 7 346
78 19 252
77 12 233
76 11 338
75 12 309
74 23 234
71 14 382
71 1 397
70 1 392
69 14 236
69 1 208
68 19 341
67 3 315
67 16 278
66 2 228
62 10 276
56 9 351
55 7 353
54 13 245
53 6 182
51 3 327
50 1 392
50 10 264
50 2 268
49 7 373
48 10 258
48 9 359
47 13 159
45 14 233
45 10 149
45 6 263
42 3 159
42 9 249
42 13 311
41 12 247
41 2 182
40 7 168
40 7 158
39 3 184
38 1 302
37 7 231
36 9 201
36 11 168
34 9 213
34 4 188
33 9 305
32 3 177
32 7 163
31 7 93
29 3 176
28 4 142
28 3 226
28 2 300
26 5 382
24 4 287
24 8 270
22 1 315
22 4 291
22 1 180
21 5 220
18 6 334
18 6 58
17 2 184
17 2 210
15 5 226
14 4 88
14 4 201
12 1 338
12 2 70
11 2 63
10 2 79
10 3 158
9 1 149
8 2 314
7 1 177
7 1 226
5 2 59
3 1 121
3 1 249
2 1 363
2 1 276
