100

100 13 311
99 24 350
98 46 299
97 24 380
96 39 350
95 1 348
94 37 303
94 11 400
94 22 395
93 26 305
93 15 348
93 37 360
92 8 372
92 20 333
92 21 306
91 15 362
90 37 372
90 4 372
89 29 368
88 10 355
88 4 279
87 3 263
86 13 349
85 29 325
85 39 264
85 12 386
84 31 398
83 16 394
83 13 272
83 31 249
79 27 351
78 4 329
78 34 298
78 26 259
77 13 302
77 1 364
77 9 367
76 16 288
74 5 239
74 12 347
73 12 394
72 25 300
72 29 303
71 3 380
71 30 296
70 28 369
70 34 223
69 34 279
68 12 214
67 25 297
65 4 220
64 12 285
64 29 333
63 6 284
61 17 229
61 24 220
60 25 209
59 30 230
59 30 324
58 15 268
57 26 244
57 10 218
56 4 254
55 17 233
55 14 326
55 15 228
54 7 214
54 2 162
54 27 229
54 24 205
52 5 266
52 24 323
51 11 387
51 15 315
49 3 300
46 13 333
46 16 314
46 22 227
45 12 258
44 4 349
43 9 132
41 20 229
40 6 248
39 8 261
38 5 151
37 18 239
35 17 349
35 4 132
32 16 121
32 1 136
32 3 201
30 14 192
30 7 329
30 3 218
29 10 256
28 13 120
27 7 173
23 1 272
22 7 369
20 6 293
