100

99 28 197
96 32 373
96 29 191
94 34 385
94 16 370
93 41 285
93 1 306
90 26 306
90 35 459
88 39 471
88 26 252
88 18 254
87 19 188
87 32 426
86 28 248
85 33 275
84 32 342
84 13 411
84 16 467
83 12 296
83 12 356
83 28 467
82 13 449
81 16 430
81 41 484
80 21 249
80 9 384
77 8 429
75 14 374
75 8 296
75 23 305
74 10 194
73 20 473
69 13 277
69 2 462
67 20 343
67 14 195
66 8 397
66 16 396
65 20 254
65 3 431
64 16 233
64 13 449
63 13 268
63 13 257
63 30 312
59 28 451
58 23 208
56 5 210
55 24 493
54 12 284
54 2 404
53 4 327
53 5 332
52 7 322
50 1 213
50 15 308
50 4 456
48 7 363
48 3 428
47 5 500
47 21 207
45 22 268
43 16 442
42 19 335
42 10 247
42 20 385
41 7 331
41 8 288
41 20 252
40 6 265
39 17 240
38 15 295
38 15 429
34 1 390
34 13 487
32 1 261
32 6 330
32 3 218
31 4 347
31 6 275
30 4 191
30 10 486
29 7 297
27 3 206
26 7 443
26 2 245
26 4 386
26 1 266
25 2 445
25 3 273
25 6 278
24 12 449
23 1 214
22 8 195
22 10 399
22 7 256
21 2 380
21 7 327
20 9 294
