100

99 28 297
97 15 291
97 29 291
96 33 299
96 19 298
94 27 300
93 16 287
93 34 286
92 9 297
92 27 296
91 2 274
90 30 274
90 28 293
90 44 286
88 22 268
87 9 282
87 42 282
86 23 287
86 7 287
86 7 289
85 8 267
85 30 270
85 38 296
85 37 299
84 18 289
84 9 296
83 42 266
83 19 295
82 13 287
82 10 279
81 10 296
81 33 294
81 5 296
79 4 278
79 28 282
78 13 266
77 17 240
76 14 295
76 16 299
76 23 268
76 29 247
76 26 254
74 21 266
74 15 288
73 1 237
71 25 214
71 7 255
70 3 279
70 2 283
69 14 265
69 22 255
67 27 237
67 17 293
66 15 278
65 30 223
65 33 290
65 19 270
63 13 224
62 13 223
62 26 263
61 11 194
60 12 272
60 27 185
60 1 182
59 3 216
59 18 195
58 14 203
57 26 267
56 15 212
56 11 201
55 4 182
55 27 235
54 2 179
53 8 163
52 24 192
51 14 262
50 11 223
50 15 164
48 13 245
48 24 218
43 10 241
40 13 160
38 7 176
38 17 182
38 17 188
37 8 223
35 3 289
35 8 134
35 15 264
35 17 163
34 14 192
33 2 192
33 7 175
32 10 148
32 4 165
31 15 128
31 14 143
31 4 149
31 7 254
30 3 172
