100

99 19 298
99 30 376
98 28 271
97 16 260
97 9 209
96 11 263
96 20 346
95 16 265
95 2 223
95 17 403
94 20 332
94 8 244
94 6 197
94 24 226
91 28 304
91 19 325
89 6 249
88 15 426
87 8 397
86 7 482
86 2 492
85 16 403
84 4 237
83 25 418
82 21 308
82 14 401
82 13 306
81 17 492
81 22 465
79 23 383
78 3 370
78 12 209
76 22 353
76 17 496
76 5 461
76 4 453
73 18 334
72 12 283
71 21 229
71 8 488
70 1 300
70 14 474
70 15 397
69 1 485
69 17 386
69 9 205
69 2 468
69 10 350
68 16 185
68 17 242
67 14 323
66 15 302
65 11 211
64 6 321
61 1 195
61 19 290
61 14 467
61 13 183
60 6 208
60 9 373
59 1 182
59 17 236
58 1 214
57 11 380
57 4 244
55 7 195
54 10 215
54 4 312
48 4 231
45 6 219
45 13 185
44 6 401
44 7 226
43 9 443
42 13 338
42 5 210
42 4 436
42 13 334
41 3 406
41 2 441
39 1 246
38 11 296
37 4 470
37 9 280
36 2 181
36 2 282
35 9 254
35 8 326
35 8 383
35 5 249
34 10 459
34 3 402
34 6 484
33 3 467
33 5 303
32 4 262
31 10 499
31 10 385
31 4 443
30 3 428
