100

100 28 294
100 18 224
99 8 285
98 20 245
98 25 161
97 21 150
97 5 176
96 14 142
95 15 168
95 10 166
94 22 166
94 29 142
94 13 296
93 22 201
92 26 183
89 8 234
89 4 293
88 17 231
88 8 271
88 24 248
88 17 154
87 20 189
86 10 227
85 2 247
84 21 164
84 2 182
82 11 206
81 8 181
81 2 298
80 7 184
79 14 180
78 5 214
77 1 181
77 24 259
76 19 183
76 11 299
76 3 196
76 4 241
74 12 295
74 13 278
74 11 172
73 17 171
72 15 198
72 12 299
72 3 227
71 8 172
71 10 208
71 20 258
69 1 215
69 19 230
68 16 220
68 13 215
68 4 143
68 9 264
67 7 279
67 8 297
66 7 213
66 5 155
65 13 173
65 2 202
64 12 189
64 9 276
62 12 271
61 9 160
58 4 288
57 11 231
57 13 186
57 15 172
56 6 200
55 1 288
54 7 161
54 3 196
54 7 201
53 15 167
53 11 264
52 12 146
52 6 233
52 9 208
52 15 171
51 4 200
51 16 142
50 10 188
49 15 151
49 15 148
48 1 218
47 11 163
46 10 196
45 6 257
45 6 287
40 4 283
40 2 288
39 5 235
37 3 295
37 5 213
35 5 229
34 7 172
34 4 223
33 4 277
33 3 245
30 9 189
