100

99 42 308
97 8 366
97 1 332
96 40 352
96 13 307
94 6 337
93 16 323
93 6 322
92 45 351
92 3 396
91 21 308
90 44 302
90 23 270
90 35 274
88 25 381
87 31 393
87 7 351
86 19 260
86 24 392
86 30 356
85 20 387
85 21 306
85 37 321
85 14 343
84 7 279
84 26 274
83 26 309
83 10 268
82 12 311
82 39 390
81 10 325
81 21 370
81 24 281
79 9 273
79 8 346
78 12 305
77 6 387
76 12 288
76 20 333
76 7 295
76 18 297
76 21 377
74 27 395
74 34 369
73 34 362
71 15 356
71 25 273
70 7 234
70 7 297
69 14 302
69 2 262
67 4 327
67 17 207
66 30 311
65 15 302
65 25 222
65 21 336
63 29 317
62 22 258
62 31 356
61 13 198
60 8 230
60 21 181
60 6 367
59 2 346
59 29 179
58 8 194
57 5 245
56 3 393
56 27 326
55 13 274
55 3 354
54 3 331
53 6 210
52 2 276
51 9 160
50 24 370
50 25 262
48 3 325
48 7 322
43 8 161
40 15 219
38 17 212
38 10 384
38 8 393
37 12 259
35 8 296
35 11 266
35 7 222
35 9 211
34 4 199
33 15 355
33 16 240
32 15 397
32 10 160
31 4 389
31 6 343
31 5 124
31 5 299
30 9 140
