100

100 3 311
99 15 350
98 13 299
97 28 380
96 24 350
95 28 348
94 23 303
94 26 400
94 8 395
93 24 305
93 26 348
93 23 360
92 22 372
92 8 333
92 3 306
91 5 362
90 12 372
90 12 372
89 14 368
88 10 355
88 12 279
87 2 263
86 25 349
85 8 325
85 23 264
85 19 386
84 4 398
83 10 394
83 7 272
83 22 249
79 8 351
78 8 329
78 22 298
78 11 259
77 23 302
77 20 364
77 9 367
76 2 288
74 5 239
74 5 347
73 14 394
72 3 300
72 12 303
71 12 380
71 16 296
70 14 369
70 7 223
69 11 279
68 11 214
67 21 297
65 12 220
64 6 285
64 6 333
63 19 284
61 1 229
61 2 220
60 12 209
59 4 230
59 15 324
58 2 268
57 5 244
57 13 218
56 11 254
55 1 233
55 1 326
55 1 228
54 2 214
54 16 162
54 7 229
54 6 205
52 4 266
52 2 323
51 1 387
51 13 315
49 15 300
46 12 333
46 11 314
46 5 227
45 14 258
44 13 349
43 3 132
41 2 229
40 9 248
39 2 261
38 8 151
37 10 239
35 7 349
35 3 132
32 8 121
32 8 136
32 5 201
30 9 192
30 1 329
30 2 218
29 4 256
28 5 120
27 9 173
23 1 272
22 5 369
20 6 293
