100

100 41 187
99 23 240
97 46 231
96 4 192
96 9 192
96 5 401
94 21 461
94 40 358
94 31 378
93 4 186
93 8 208
93 11 399
92 26 433
91 45 454
90 5 299
90 35 382
90 20 351
89 41 269
89 22 210
88 4 330
88 19 466
83 17 344
83 16 367
82 8 299
82 29 450
81 27 376
80 17 280
80 32 249
80 8 405
79 7 308
79 35 230
79 17 483
79 24 311
78 7 411
78 11 297
78 11 192
76 29 437
74 17 486
74 3 389
73 36 479
73 1 394
71 16 188
70 10 448
69 8 339
69 6 412
68 11 388
67 6 421
67 1 469
66 4 416
65 28 345
64 30 489
63 22 281
63 24 483
63 10 452
62 12 222
59 4 242
58 12 252
58 6 491
57 13 199
56 20 313
56 14 271
56 23 246
56 17 199
53 10 447
53 2 423
53 17 226
52 16 187
51 15 409
51 18 292
50 12 483
49 2 408
48 23 377
48 16 342
48 13 439
47 22 446
46 8 206
46 1 494
45 15 294
43 17 446
42 12 431
41 3 457
41 12 327
39 20 367
39 9 276
39 19 189
38 10 274
38 5 247
38 11 426
38 5 432
38 1 259
37 19 397
37 3 253
37 7 327
36 18 467
36 17 398
33 6 222
32 8 299
32 9 311
31 15 379
31 6 491
