100

100 33 300
100 14 300
99 39 298
98 36 297
98 37 295
97 17 292
97 28 300
96 7 300
95 48 299
95 19 286
94 46 295
94 21 292
94 34 291
93 20 297
92 6 291
89 3 271
89 38 287
88 22 293
88 19 272
88 19 272
88 42 286
87 23 290
86 13 277
85 37 257
84 16 299
84 6 254
82 26 286
81 12 269
81 32 247
80 37 272
79 27 272
78 34 281
77 24 254
77 6 234
76 32 271
76 1 236
76 4 254
76 22 229
74 33 281
74 6 243
74 34 233
73 7 275
72 35 243
72 20 267
72 1 259
71 34 272
71 11 228
71 30 224
69 32 231
69 19 243
68 17 266
68 34 223
68 30 219
68 24 291
67 4 279
67 11 212
66 26 212
66 26 279
65 26 235
65 7 228
64 26 286
64 22 266
62 6 216
61 29 227
58 15 268
57 5 205
57 5 183
57 4 257
56 13 253
55 2 195
54 22 209
54 13 281
54 16 294
53 25 275
53 20 166
52 3 290
52 9 202
52 25 176
52 11 284
51 20 202
51 13 295
50 23 225
49 8 169
49 1 182
48 11 230
47 16 198
46 15 207
45 6 250
45 13 160
40 12 163
40 19 267
39 8 153
37 15 274
37 15 281
35 14 218
34 4 232
34 7 253
33 2 160
33 5 146
30 6 164
