100

100 12 300
99 4 298
97 28 300
96 7 291
96 4 288
96 26 293
94 3 283
94 13 296
94 14 284
93 27 295
93 7 294
93 18 289
92 19 286
91 28 280
90 26 288
90 9 296
90 23 279
89 14 280
89 20 268
88 21 292
88 27 287
83 10 251
83 9 279
82 12 282
82 4 262
81 4 267
80 1 281
80 16 264
80 14 283
79 24 277
79 20 256
79 20 287
79 7 245
78 23 274
78 24 240
78 20 240
76 21 255
74 17 240
74 1 230
73 16 266
73 14 255
71 1 272
70 17 261
69 11 221
69 3 242
68 18 246
67 12 209
67 18 212
66 18 265
65 9 246
64 3 248
63 12 198
63 3 244
63 1 286
62 5 220
59 17 255
58 7 242
58 10 190
57 6 274
56 3 181
56 15 182
56 13 195
56 3 300
53 4 187
53 4 228
53 3 251
52 13 166
51 4 242
51 13 199
50 7 195
49 13 166
48 5 221
48 15 180
48 15 160
47 14 222
46 7 156
46 13 228
45 11 254
43 13 266
42 7 151
41 7 133
41 3 155
39 1 273
39 1 268
39 6 279
38 11 125
38 3 135
38 12 262
38 5 211
38 4 162
37 12 136
37 9 151
37 11 191
36 3 175
36 9 185
33 3 191
32 7 149
32 3 107
31 5 110
31 7 187
