100

99 11 157
98 2 219
96 1 160
93 11 241
93 20 171
92 27 274
90 4 154
89 12 228
89 7 241
89 24 255
88 11 218
88 4 141
87 3 258
86 3 279
84 1 186
84 15 273
81 12 195
80 5 156
80 6 220
80 15 181
80 12 296
78 12 295
78 16 143
77 2 178
75 1 298
73 12 244
72 20 289
70 8 202
69 10 211
68 19 275
65 3 271
65 16 300
64 8 264
63 1 158
63 17 166
63 4 200
62 18 258
61 5 160
60 12 141
58 2 267
58 14 215
58 11 168
57 11 176
56 9 300
54 12 249
52 7 283
51 13 279
49 6 198
49 8 279
46 7 271
45 3 162
45 13 284
44 12 280
44 12 172
42 10 155
42 2 235
41 11 170
41 1 185
38 9 235
38 7 208
37 2 160
36 5 204
36 5 270
34 10 145
34 1 165
31 2 257
30 5 268
30 3 213
28 7 260
27 6 285
26 1 248
25 4 149
24 5 289
24 6 145
24 5 270
23 1 284
22 5 152
21 2 242
21 1 249
18 6 210
17 1 193
17 6 255
16 2 248
14 3 227
13 3 238
12 1 264
12 1 235
11 1 214
10 3 151
10 3 267
9 3 188
8 3 280
6 2 198
5 1 168
5 2 234
4 2 283
4 2 239
3 1 172
2 1 150
1 1 172
