100

100 8 300
99 49 298
97 12 300
96 18 291
96 16 288
96 33 293
94 23 283
94 6 296
94 19 284
93 22 295
93 18 294
93 19 289
92 11 286
91 37 280
90 1 288
90 13 296
90 38 279
89 43 280
89 27 268
88 16 292
88 7 287
83 33 251
83 17 279
82 24 282
82 30 262
81 41 267
80 12 281
80 30 264
80 38 283
79 17 277
79 27 256
79 37 287
79 1 245
78 13 274
78 23 240
78 23 240
76 24 255
74 5 240
74 13 230
73 33 266
73 20 255
71 28 272
70 23 261
69 26 221
69 3 242
68 3 246
67 5 209
67 33 212
66 7 265
65 17 246
64 24 248
63 26 198
63 15 244
63 32 286
62 15 220
59 8 255
58 1 242
58 13 190
57 5 274
56 28 181
56 17 182
56 16 195
56 27 300
53 6 187
53 17 228
53 20 251
52 23 166
51 21 242
51 19 199
50 18 195
49 24 166
48 10 221
48 18 180
48 6 160
47 21 222
46 21 156
46 20 228
45 9 254
43 4 266
42 15 151
41 5 133
41 2 155
39 4 273
39 11 268
39 19 279
38 14 125
38 3 135
38 17 262
38 4 211
38 14 162
37 15 136
37 5 151
37 7 191
36 1 175
36 15 185
33 12 191
32 6 149
32 11 107
31 8 110
31 2 187
