100

100 50 300
99 18 299
99 11 298
98 48 298
96 30 289
95 35 293
95 10 286
95 19 288
93 32 293
93 2 298
92 31 299
92 42 281
92 13 279
91 1 281
90 12 296
89 33 271
89 24 292
89 23 275
87 35 298
87 32 289
87 40 300
85 9 275
84 6 284
81 13 268
81 18 282
80 34 280
79 20 270
77 1 297
74 37 281
74 29 253
74 33 266
73 9 267
73 5 234
72 4 218
71 29 223
70 1 214
70 5 297
66 21 260
66 1 300
65 4 249
65 32 288
65 21 235
64 7 290
63 19 264
63 17 227
63 29 226
63 27 203
63 9 219
61 15 231
57 6 298
56 3 228
54 6 219
52 1 183
52 12 265
51 8 180
49 8 220
48 3 209
46 8 235
44 20 300
44 12 209
44 15 142
42 8 137
40 6 212
40 13 161
40 10 266
38 2 241
38 5 288
35 7 257
34 10 282
31 3 213
31 11 244
31 14 128
30 2 113
27 8 265
27 9 298
25 1 220
25 7 141
24 3 223
21 7 246
21 9 176
21 7 219
18 8 208
17 7 98
17 6 245
16 6 299
16 4 111
16 1 63
15 1 282
15 1 55
11 5 300
11 2 128
9 5 108
9 3 233
9 2 276
8 1 258
5 2 253
5 3 59
5 2 56
3 1 147
1 1 195
