100

100 4 300
100 17 300
99 9 297
98 14 294
98 12 300
97 7 298
97 26 300
96 11 292
95 15 290
95 3 298
94 19 297
94 24 283
94 6 284
93 5 295
92 4 289
89 1 270
89 8 285
88 23 284
88 1 289
88 1 289
88 4 290
87 19 272
86 12 272
85 25 296
84 16 299
84 3 289
82 2 295
81 5 262
81 24 294
80 16 285
79 2 276
78 22 295
77 9 293
77 21 295
76 19 275
76 16 279
76 17 263
76 20 237
74 16 295
74 1 299
74 1 266
73 12 240
72 11 247
72 8 264
72 7 287
71 19 233
71 3 214
71 3 255
69 20 278
69 19 282
68 14 264
68 9 253
68 18 239
68 19 293
67 10 279
67 14 228
66 13 290
66 3 271
65 1 228
65 8 229
64 20 265
64 15 202
62 15 273
61 10 188
58 13 176
57 9 211
57 15 190
57 9 201
56 4 266
55 16 210
54 8 197
54 3 179
54 3 234
53 3 176
53 4 163
52 12 192
52 10 263
52 5 226
52 8 169
51 11 248
51 7 223
50 5 249
49 15 181
49 3 198
48 12 201
47 12 204
46 13 234
45 1 291
45 4 160
40 3 267
40 4 174
39 6 200
37 12 198
37 7 183
35 3 155
34 5 169
34 8 135
33 6 147
33 8 154
30 7 254
