100

100 9 311
100 3 345
99 49 368
98 25 334
98 13 354
97 49 309
97 11 342
96 47 329
95 12 326
95 26 355
94 4 396
94 19 314
94 17 311
93 25 279
92 19 280
89 37 382
89 5 394
88 24 352
88 35 266
88 9 392
88 9 357
87 25 388
86 30 308
85 16 321
84 10 341
84 8 279
82 9 269
81 37 305
81 23 263
80 28 308
79 10 389
78 2 321
77 37 368
77 4 272
76 16 266
76 27 343
76 23 301
76 25 387
74 5 284
74 12 330
74 13 292
73 9 291
72 16 375
72 10 395
72 8 368
71 11 361
71 3 356
71 26 273
69 6 232
69 18 295
68 7 301
68 24 260
68 32 328
68 10 209
67 26 312
67 32 305
66 29 224
66 6 337
65 13 319
65 23 264
64 3 358
64 16 206
62 25 235
61 23 184
58 6 366
57 18 345
57 1 173
57 3 192
56 28 243
55 9 392
54 9 324
54 15 273
54 15 353
53 18 330
53 7 210
52 9 276
52 21 163
52 7 371
52 8 265
51 16 328
51 20 325
50 13 179
49 9 236
49 25 233
48 6 385
47 17 393
46 11 272
45 4 307
45 1 280
40 15 231
40 2 221
39 1 209
37 7 357
37 18 246
35 5 397
34 10 164
34 13 390
33 8 344
33 9 130
30 2 298
