100

100 45 311
99 39 350
97 46 296
96 22 379
96 38 350
96 7 350
94 30 303
94 14 400
94 43 395
93 38 305
93 1 348
93 37 360
92 8 372
91 4 331
90 11 301
90 38 362
90 20 372
89 9 371
89 23 368
88 33 355
88 10 279
83 15 251
83 40 346
82 25 320
82 18 256
81 29 385
80 10 398
80 18 393
80 25 264
79 29 238
79 24 351
79 13 330
79 35 300
78 24 259
78 10 304
78 6 365
76 26 366
74 30 284
74 36 239
73 28 346
73 28 394
71 11 298
70 16 299
69 1 380
69 28 293
68 10 369
67 7 215
67 25 275
66 24 209
65 28 294
64 16 217
63 19 284
63 3 332
63 1 284
62 19 232
59 2 215
58 13 204
58 5 227
57 17 322
56 15 264
56 4 242
56 23 216
56 21 254
53 5 229
53 21 324
53 24 223
52 13 209
51 7 153
51 20 223
50 6 195
49 11 261
48 22 319
48 10 386
48 1 312
47 24 297
46 4 333
46 15 314
45 14 225
43 16 255
42 15 348
41 2 126
41 3 229
39 8 246
39 13 261
39 19 153
38 4 241
38 12 351
38 12 140
38 16 137
38 11 152
37 6 211
37 18 206
37 2 334
36 7 228
36 8 266
33 15 133
32 16 183
32 8 283
31 12 371
31 11 304
