100

100 7 187
100 23 240
99 10 474
99 47 447
99 8 201
97 31 284
96 26 237
95 39 351
95 29 306
93 27 231
93 31 325
93 26 340
91 7 334
89 36 473
89 30 200
89 3 428
88 13 447
87 40 361
87 28 317
86 31 305
85 23 353
85 30 410
84 36 424
83 11 378
81 35 220
80 27 255
80 22 493
79 26 193
79 2 193
78 19 448
78 13 388
78 8 344
77 32 334
75 13 191
75 29 303
73 31 301
73 23 300
73 16 378
72 18 390
71 23 200
71 32 207
70 2 321
70 35 183
69 24 329
66 9 478
65 1 206
65 10 337
63 9 346
60 18 394
60 20 440
59 16 240
59 23 368
58 18 187
58 25 405
57 2 442
57 11 295
55 7 307
55 23 251
55 20 213
55 20 497
54 6 398
54 3 441
53 3 441
53 27 434
52 23 297
51 18 304
50 19 196
50 13 286
49 20 375
49 19 479
49 8 186
48 23 228
45 2 408
45 19 321
45 7 466
45 4 384
44 9 277
44 19 419
43 4 379
43 4 329
41 12 277
41 3 301
40 7 458
40 4 260
40 1 471
36 15 221
36 5 379
35 6 449
34 13 449
34 9 234
33 5 446
33 7 255
33 11 468
33 5 281
33 17 364
32 12 446
32 11 299
32 12 426
32 12 364
30 6 376
