100

99 15 143
97 42 157
97 35 141
96 37 238
96 10 261
94 6 168
93 13 229
93 36 143
92 44 294
92 1 272
91 34 175
90 36 188
90 7 149
90 39 241
88 5 163
87 12 237
87 16 257
86 28 144
86 41 222
86 4 262
85 42 199
85 1 297
85 34 238
85 15 248
84 1 167
84 22 277
83 10 244
83 9 291
82 9 200
82 1 193
81 16 285
81 29 157
81 24 169
79 22 245
79 35 290
78 5 294
77 39 239
76 1 155
76 20 285
76 31 272
76 15 218
76 18 285
74 28 160
74 4 249
73 34 297
71 18 257
71 12 139
70 16 271
70 27 170
69 25 251
69 7 234
67 24 242
67 1 199
66 33 148
65 7 271
65 26 274
65 32 165
63 20 200
62 20 180
62 11 232
61 20 170
60 17 142
60 28 238
60 24 173
59 4 210
59 16 197
58 5 233
57 12 251
56 24 239
56 21 265
55 21 247
55 13 259
54 9 287
53 24 177
52 6 157
51 11 239
50 25 263
50 24 265
48 20 250
48 22 251
43 18 278
40 5 151
38 3 232
38 15 160
38 17 152
37 18 247
35 2 145
35 12 177
35 7 159
35 9 242
34 17 271
33 9 185
33 14 159
32 1 200
32 10 191
31 14 234
31 7 254
31 12 299
31 16 183
30 10 266
