100

99 11 197
97 10 373
95 10 191
95 17 385
94 1 370
92 23 285
91 19 306
89 11 306
86 12 459
86 19 471
85 26 252
84 11 254
80 1 188
80 9 426
80 6 248
80 16 275
80 21 342
79 11 411
76 8 467
76 21 296
75 3 356
74 23 467
73 1 449
71 1 430
71 14 484
69 2 249
65 20 384
64 5 429
64 16 374
64 17 296
63 9 305
63 3 194
62 18 473
60 12 277
59 18 462
58 17 343
57 17 195
54 15 397
53 5 396
52 2 254
51 14 431
50 8 233
48 1 449
48 15 268
48 14 257
46 1 312
44 3 451
43 12 208
43 13 210
43 6 493
43 1 284
42 2 404
41 5 327
40 1 332
40 11 322
39 9 213
38 9 308
38 11 456
38 12 363
38 6 428
37 2 500
37 6 207
37 8 268
37 5 442
36 10 335
35 7 247
34 7 385
33 4 331
32 4 288
30 8 252
29 7 265
28 9 240
26 7 295
26 5 429
26 6 390
24 7 487
23 1 261
22 5 330
21 2 218
21 1 347
19 3 275
18 4 191
17 4 486
16 2 297
16 2 206
15 1 443
14 1 245
13 4 386
12 3 266
12 3 445
11 4 273
9 2 278
9 2 449
8 2 214
8 1 195
7 1 399
6 2 256
6 2 380
5 2 327
1 1 294
