100

99 19 197
96 26 373
96 27 191
94 3 385
94 10 370
93 23 285
93 23 306
90 21 306
90 11 459
88 26 471
88 4 252
88 11 254
87 5 188
87 13 426
86 14 248
85 17 275
84 5 342
84 24 411
84 20 467
83 13 296
83 19 356
83 13 467
82 17 449
81 12 430
81 1 484
80 3 249
80 4 384
77 14 429
75 21 374
75 19 296
75 15 305
74 9 194
73 17 473
69 16 277
69 19 462
67 17 343
67 7 195
66 7 397
66 17 396
65 12 254
65 1 431
64 19 233
64 20 449
63 11 268
63 19 257
63 8 312
59 9 451
58 8 208
56 7 210
55 2 493
54 5 284
54 8 404
53 6 327
53 11 332
52 12 322
50 11 213
50 7 308
50 11 456
48 12 363
48 12 428
47 4 500
47 8 207
45 5 268
43 13 442
42 2 335
42 8 247
42 12 385
41 2 331
41 2 288
41 10 252
40 10 265
39 4 240
38 6 295
38 9 429
34 7 390
34 1 487
32 9 261
32 10 330
32 8 218
31 9 347
31 7 275
30 4 191
30 6 486
29 9 297
27 9 206
26 8 443
26 8 245
26 1 386
26 3 266
25 7 445
25 8 273
25 3 278
24 8 449
23 2 214
22 4 195
22 3 399
22 4 256
21 6 380
21 4 327
20 2 294
