100

100 20 268
99 16 278
99 16 219
98 27 162
98 18 206
96 18 262
96 20 193
93 5 179
89 14 185
84 17 245
84 4 194
83 16 205
83 15 198
82 25 141
81 12 152
80 18 227
79 17 223
79 17 212
79 8 172
79 6 196
78 10 292
77 5 223
76 18 259
75 5 144
74 17 199
71 10 263
71 14 299
70 2 159
69 15 151
69 18 254
68 20 233
67 21 262
67 8 238
66 20 289
62 14 145
56 16 181
55 13 210
54 17 277
53 16 284
51 3 221
50 2 186
50 12 297
50 4 147
49 14 140
48 12 272
48 15 296
47 7 235
45 12 160
45 13 216
45 13 249
42 1 214
42 3 284
42 3 141
41 1 168
41 9 244
40 11 177
40 12 222
39 7 245
38 10 172
37 6 222
36 4 198
36 10 284
34 8 232
34 6 196
33 8 144
32 5 283
32 1 168
31 4 155
29 2 287
28 6 242
28 7 150
28 4 165
26 4 292
24 1 241
24 1 180
22 2 245
22 7 297
22 6 247
21 1 212
18 1 229
18 5 162
17 6 221
17 4 243
15 4 188
14 4 159
14 5 286
12 4 235
12 2 300
11 1 160
10 3 278
10 3 283
9 2 180
8 1 225
7 1 218
7 3 289
5 2 262
3 1 231
3 1 248
2 1 253
2 1 276
