100

100 31 311
100 28 345
100 37 307
99 21 302
99 19 381
98 32 352
96 37 350
95 34 305
95 7 400
94 37 395
93 27 305
93 19 348
92 30 359
90 35 371
90 1 330
89 22 299
86 17 358
86 11 370
85 23 368
85 6 365
84 35 351
83 5 266
82 30 248
82 1 344
82 4 320
81 8 253
80 13 384
79 40 398
77 13 393
77 27 256
77 27 232
76 35 348
75 37 325
75 12 293
75 13 251
74 28 297
73 17 362
71 18 363
71 27 278
69 24 225
68 17 342
67 27 394
67 15 292
67 20 295
65 31 378
63 14 283
63 3 366
60 16 195
57 15 256
56 28 180
56 23 280
55 16 194
55 28 271
54 6 323
54 14 269
54 19 213
53 14 200
53 14 191
51 12 211
51 12 316
47 23 248
46 21 221
46 11 192
45 19 234
45 10 212
45 7 316
44 20 204
44 9 191
44 11 132
44 17 208
43 1 178
41 5 248
40 18 312
40 3 385
39 3 302
39 15 288
39 20 328
39 6 307
38 9 211
36 16 244
36 2 345
34 11 106
33 15 214
33 7 236
32 16 251
32 5 135
31 1 229
30 10 347
29 14 116
28 10 110
26 1 120
25 5 188
24 8 180
24 12 325
23 9 205
22 6 246
22 5 104
22 5 162
21 6 270
20 1 368
