100

99 35 197
98 36 373
96 29 191
93 44 385
93 34 370
92 19 285
90 30 306
89 23 306
89 28 459
89 32 471
88 24 252
88 5 254
87 42 188
86 17 426
84 31 248
84 15 275
81 8 342
80 24 411
80 18 467
80 3 296
80 37 356
78 37 467
78 11 449
77 2 430
75 8 484
73 17 249
72 32 384
70 21 429
69 4 374
68 6 296
65 9 305
65 18 194
64 27 473
63 27 277
63 3 462
63 27 343
62 5 195
61 21 397
60 28 396
58 24 254
58 3 431
58 13 233
57 10 449
56 25 268
54 15 257
52 5 312
51 13 451
49 24 208
49 2 210
46 13 493
45 3 284
45 15 404
44 18 327
44 4 332
42 12 322
42 17 213
41 10 308
41 7 456
38 11 363
38 12 428
37 13 500
36 1 207
36 7 268
34 8 442
34 2 335
31 3 247
30 4 385
30 12 331
28 3 288
27 10 252
26 3 265
25 6 240
24 11 295
24 2 429
24 3 390
23 12 487
22 6 261
21 9 330
21 4 218
18 9 347
17 4 275
17 2 191
16 5 486
14 7 297
13 4 206
12 1 443
12 1 245
11 6 386
10 2 266
10 1 445
9 5 273
8 3 278
6 1 449
5 1 214
5 2 195
4 2 399
4 1 256
3 2 380
2 1 327
1 1 294
