100

99 19 197
98 29 373
96 3 191
93 16 385
93 15 370
92 4 285
90 3 306
89 5 306
89 14 459
89 14 471
88 18 252
88 27 254
87 9 188
86 3 426
84 3 248
84 5 275
81 22 342
80 17 411
80 14 467
80 12 296
80 6 356
78 19 467
78 12 449
77 4 430
75 18 484
73 16 249
72 6 384
70 12 429
69 21 374
68 1 296
65 13 305
65 19 194
64 9 473
63 13 277
63 16 462
63 15 343
62 18 195
61 4 397
60 15 396
58 8 254
58 7 431
58 12 233
57 15 449
56 15 268
54 8 257
52 10 312
51 10 451
49 12 208
49 12 210
46 14 493
45 8 284
45 11 404
44 2 327
44 11 332
42 13 322
42 2 213
41 13 308
41 9 456
38 4 363
38 5 428
37 8 500
36 1 207
36 9 268
34 2 442
34 1 335
31 2 247
30 3 385
30 2 331
28 5 288
27 8 252
26 8 265
25 7 240
24 8 295
24 4 429
24 3 390
23 3 487
22 3 261
21 4 330
21 5 218
18 3 347
17 6 275
17 6 191
16 3 486
14 5 297
13 1 206
12 3 443
12 1 245
11 3 386
10 1 266
10 2 445
9 1 273
8 1 278
6 2 449
5 1 214
5 2 195
4 2 399
4 1 256
3 1 380
2 1 327
1 1 294
