100

99 43 297
97 9 294
97 8 296
96 20 290
96 22 290
94 5 283
93 36 284
93 43 290
92 4 276
92 10 298
91 29 285
90 20 295
90 12 288
90 19 274
88 1 298
87 1 267
87 8 292
86 36 288
86 33 289
86 28 283
85 2 265
85 32 287
85 28 267
85 40 276
84 34 294
84 10 278
83 5 264
83 39 276
82 26 248
82 6 300
81 27 285
81 36 296
81 21 244
79 40 243
79 13 246
78 29 255
77 28 299
76 15 295
76 38 232
76 20 276
76 7 233
76 13 291
74 17 248
74 37 240
73 35 279
71 13 298
71 2 292
70 33 236
70 21 221
69 23 300
69 21 215
67 4 247
67 22 286
66 24 268
65 23 300
65 24 248
65 33 214
63 24 191
62 26 252
62 26 235
61 26 209
60 30 194
60 27 257
60 12 190
59 11 238
59 9 209
58 2 177
57 28 189
56 9 274
56 3 218
55 14 213
55 25 293
54 5 212
53 19 171
52 25 208
51 18 170
50 6 175
50 7 189
48 4 187
48 21 297
43 15 258
40 3 282
38 7 188
38 19 136
38 13 214
37 8 232
35 1 181
35 14 246
35 3 212
35 11 279
34 17 173
33 17 186
33 15 242
32 8 227
32 4 174
31 8 184
31 3 97
31 9 100
31 10 218
30 11 138
