100

100 13 294
100 33 224
99 5 285
98 17 245
98 21 161
97 17 150
97 22 176
96 37 142
95 2 168
95 26 166
94 12 166
94 36 142
94 47 296
93 39 201
92 14 183
89 23 234
89 15 293
88 44 231
88 2 271
88 33 248
88 28 154
87 34 189
86 15 227
85 23 247
84 25 164
84 3 182
82 25 206
81 24 181
81 9 298
80 30 184
79 15 180
78 1 214
77 1 181
77 13 259
76 24 183
76 38 299
76 11 196
76 21 241
74 37 295
74 2 278
74 6 172
73 3 171
72 25 198
72 22 299
72 13 227
71 2 172
71 4 208
71 32 258
69 11 215
69 13 230
68 13 220
68 14 215
68 18 143
68 19 264
67 20 279
67 21 297
66 15 213
66 24 155
65 20 173
65 14 202
64 32 189
64 19 276
62 22 271
61 19 160
58 15 288
57 15 231
57 27 186
57 3 172
56 16 200
55 21 288
54 7 161
54 16 196
54 14 201
53 18 167
53 27 264
52 16 146
52 22 233
52 24 208
52 15 171
51 1 200
51 26 142
50 20 188
49 11 151
49 5 148
48 19 218
47 7 163
46 23 196
45 18 257
45 13 287
40 2 283
40 5 288
39 11 235
37 1 295
37 6 213
35 17 229
34 8 172
34 3 223
33 2 277
33 15 245
30 1 189
