100

100 19 217
99 14 192
99 17 189
98 11 228
98 13 420
96 12 288
96 6 394
93 10 210
89 27 378
84 9 258
84 13 371
83 11 479
83 2 421
82 12 308
81 18 491
80 4 458
79 19 456
79 15 492
79 11 225
79 3 384
78 20 333
77 10 239
76 5 469
75 2 491
74 1 296
71 22 220
71 21 488
70 7 326
69 3 471
69 9 415
68 11 215
67 15 305
67 12 441
66 18 495
62 12 325
56 7 430
55 17 422
54 1 247
53 16 278
51 8 233
50 5 267
50 9 409
50 8 379
49 6 461
48 9 344
48 6 354
47 1 248
45 6 239
45 11 448
45 12 295
42 6 368
42 6 500
42 10 212
41 3 433
41 5 347
40 9 457
40 6 486
39 11 383
38 9 454
37 1 408
36 2 430
36 2 181
34 8 285
34 5 370
33 5 497
32 3 378
32 9 394
31 3 294
29 4 227
28 7 225
28 3 250
28 5 440
26 4 440
24 3 438
24 2 394
22 5 200
22 1 259
22 3 281
21 6 241
18 5 471
18 1 226
17 2 282
17 2 377
15 1 478
14 3 397
14 1 229
12 4 419
12 1 205
11 3 355
10 1 480
10 1 405
9 2 268
8 3 327
7 3 465
7 1 319
5 1 354
3 1 285
3 1 229
2 1 409
2 1 189
