100

99 50 308
99 1 368
98 28 334
97 4 353
97 39 309
96 26 341
96 25 329
95 42 326
95 12 355
95 45 396
94 20 314
94 41 311
94 25 282
94 2 285
91 36 383
91 13 394
89 38 353
88 14 266
87 40 392
86 6 356
86 13 387
85 25 306
84 6 319
83 7 340
82 25 274
82 31 269
82 5 307
81 37 263
81 13 310
79 3 389
78 27 321
78 25 368
76 20 270
76 17 266
76 33 343
76 9 301
73 5 386
72 20 280
71 11 327
71 26 286
70 34 286
70 1 375
70 15 395
69 8 366
69 29 360
69 4 354
69 34 269
69 29 232
68 8 294
68 16 301
67 33 258
66 25 326
65 25 201
64 14 308
61 18 297
61 27 211
61 17 333
61 23 315
60 7 254
60 14 355
59 13 192
59 14 228
58 6 176
57 5 366
57 26 345
55 18 167
54 26 183
54 11 239
48 24 392
45 23 315
45 2 258
44 17 347
44 10 322
43 2 187
42 7 261
42 9 134
42 10 367
42 13 249
41 3 319
41 19 315
39 11 150
38 11 215
37 15 210
37 2 383
36 10 393
36 17 257
35 1 296
35 4 266
35 1 222
35 3 211
34 14 199
34 5 355
34 11 242
33 6 397
33 12 162
32 16 389
31 12 343
31 2 124
31 6 299
30 10 140
