100

99 25 297
99 27 297
98 18 294
97 27 300
97 8 298
96 25 300
96 22 292
95 15 290
95 1 298
95 29 297
94 17 283
94 7 284
94 5 296
94 21 292
91 3 276
91 4 288
89 13 285
88 22 289
87 21 288
86 2 289
86 6 269
85 8 270
84 2 295
83 17 299
82 11 287
82 15 295
82 23 264
81 18 294
81 9 286
79 2 276
78 19 295
78 11 293
76 7 294
76 12 275
76 20 279
76 12 263
73 21 230
72 2 294
71 16 299
71 16 262
70 14 234
70 18 243
70 14 261
69 2 286
69 13 228
69 3 208
69 4 252
69 16 278
68 16 282
68 12 264
67 17 252
66 10 235
65 11 292
64 8 277
61 10 214
61 6 289
61 6 267
61 11 220
60 4 219
60 7 262
59 7 189
59 17 271
58 15 180
57 9 174
57 12 211
55 8 185
54 8 194
54 10 265
48 3 196
45 7 177
45 3 156
44 4 220
44 1 153
43 2 134
42 9 170
42 12 255
42 10 211
42 8 142
41 8 238
41 12 207
39 11 237
38 7 155
37 3 174
37 8 180
36 2 184
36 11 222
35 9 289
35 11 134
35 7 264
35 1 163
34 10 192
34 4 193
34 1 177
33 4 151
33 5 167
32 10 130
31 10 143
31 4 149
31 6 254
30 4 172
