100

98 14 294
96 6 298
95 44 287
95 11 299
94 31 286
94 15 283
92 32 290
91 15 294
89 8 285
88 17 284
86 24 259
85 40 263
84 31 293
84 35 289
83 22 256
83 39 267
82 31 286
82 13 269
81 14 289
80 1 280
80 24 253
79 25 277
77 16 269
77 3 291
77 33 297
75 5 262
75 2 267
75 19 267
75 37 256
75 16 298
72 34 290
71 13 281
70 27 272
69 21 300
68 23 220
68 24 296
66 22 202
66 26 223
66 27 293
66 1 242
64 14 206
64 28 299
64 22 234
64 13 294
63 32 281
62 18 214
62 31 251
61 11 204
59 20 229
58 8 279
58 2 191
58 24 276
57 23 230
56 13 181
56 20 235
56 9 227
56 12 195
55 12 174
55 5 272
54 15 290
54 26 211
53 3 262
51 17 153
51 9 184
51 16 294
50 16 271
50 14 283
49 2 291
49 9 265
49 25 251
48 11 218
48 22 172
48 8 149
45 18 265
45 1 270
44 18 142
43 11 196
41 1 133
40 2 149
40 13 175
36 2 268
34 9 258
33 10 269
32 10 259
32 8 213
32 4 113
29 8 122
27 1 202
27 10 114
27 7 211
27 14 103
25 10 243
25 10 125
25 9 86
24 9 228
23 4 199
23 4 137
21 11 290
21 6 95
20 5 226
