100

100 16 300
100 25 300
100 9 300
99 20 297
99 8 299
99 29 298
99 17 297
98 16 298
97 24 291
96 26 296
95 26 297
94 7 298
94 20 298
91 13 282
90 23 277
90 22 280
90 5 291
89 24 280
89 18 288
89 4 272
88 4 279
88 14 291
87 26 268
87 7 286
86 18 269
85 25 282
85 19 268
85 9 266
84 11 267
82 20 286
81 18 268
80 21 252
80 9 275
79 6 260
79 23 296
77 1 251
76 22 276
74 17 290
73 20 239
71 13 276
70 11 298
69 19 243
68 7 287
68 4 212
67 18 273
67 3 213
66 16 217
65 5 252
65 14 214
65 14 246
62 17 298
62 13 286
62 3 300
59 16 254
59 7 244
59 14 177
57 5 227
57 17 224
55 14 266
55 5 184
54 9 267
51 15 251
50 3 293
49 2 173
47 3 211
47 9 205
46 13 155
45 3 259
45 7 249
43 11 145
42 13 243
41 8 209
41 7 209
41 4 299
39 8 146
38 11 148
37 4 297
35 2 146
35 10 273
34 7 147
34 6 159
34 7 162
33 1 124
32 9 274
31 6 114
30 7 212
29 6 159
29 4 180
27 2 87
26 5 217
26 6 212
25 6 208
24 8 283
24 8 111
24 8 168
21 6 252
21 2 222
21 2 225
20 2 187
20 2 275
