100

100 11 300
99 17 298
97 19 291
96 13 295
96 16 292
96 13 288
94 5 293
94 23 283
94 10 294
93 21 295
93 1 297
93 7 298
92 24 284
91 1 279
90 15 280
90 22 291
90 23 282
89 7 288
89 19 272
88 18 279
88 14 291
83 20 259
83 13 281
82 18 260
82 17 278
81 12 259
80 19 255
80 6 259
80 19 285
79 22 264
79 14 250
79 5 273
79 14 260
78 10 296
78 12 253
78 7 278
76 7 290
74 6 241
74 3 279
73 12 299
73 9 251
71 6 288
70 13 217
69 2 274
69 17 218
68 1 221
67 18 255
67 11 219
66 10 248
65 5 298
64 7 286
63 8 300
63 4 259
63 9 249
62 1 186
59 13 231
58 8 226
58 11 268
57 5 190
56 8 268
56 2 256
56 8 294
56 10 191
53 3 221
53 12 215
53 16 174
52 9 265
51 10 254
51 4 167
50 4 251
49 14 221
48 9 219
48 9 299
48 1 168
47 7 170
46 9 297
46 4 172
45 13 277
43 1 168
42 2 176
41 10 177
41 3 145
39 8 277
39 10 135
39 11 223
38 11 176
38 12 195
38 10 119
38 10 231
38 7 227
37 6 222
37 1 286
37 11 143
36 7 189
36 11 261
33 3 234
32 10 235
32 6 204
31 8 278
31 6 199
