100

99 19 143
97 8 157
97 2 141
96 19 238
96 9 261
94 20 168
93 7 229
93 17 143
92 26 294
92 16 272
91 7 175
90 13 188
90 5 149
90 20 241
88 22 163
87 22 237
87 19 257
86 4 144
86 14 222
86 1 262
85 1 199
85 4 297
85 4 238
85 5 248
84 25 167
84 6 277
83 2 244
83 19 291
82 18 200
82 23 193
81 18 285
81 4 157
81 14 169
79 15 245
79 20 290
78 16 294
77 15 239
76 22 155
76 11 285
76 3 272
76 18 218
76 13 285
74 20 160
74 17 249
73 12 297
71 14 257
71 22 139
70 20 271
70 21 170
69 18 251
69 18 234
67 4 242
67 15 199
66 6 148
65 6 271
65 11 274
65 12 165
63 13 200
62 2 180
62 14 232
61 5 170
60 17 142
60 5 238
60 3 173
59 9 210
59 4 197
58 7 233
57 13 251
56 3 239
56 17 265
55 6 247
55 10 259
54 16 287
53 10 177
52 9 157
51 14 239
50 15 263
50 15 265
48 10 250
48 2 251
43 7 278
40 3 151
38 5 232
38 6 160
38 4 152
37 4 247
35 2 145
35 5 177
35 9 159
35 4 242
34 6 271
33 4 185
33 5 159
32 3 200
32 8 191
31 10 234
31 1 254
31 2 299
31 8 183
30 4 266
