100

99 49 308
98 49 367
96 12 331
93 20 348
93 26 300
92 41 334
90 5 318
89 28 315
89 34 348
89 18 395
88 38 301
88 29 297
87 31 261
86 29 262
84 12 380
84 34 393
81 41 344
80 17 243
80 40 391
80 32 350
80 32 386
78 27 292
78 36 310
77 38 333
75 37 257
73 36 246
72 10 289
70 4 234
69 35 289
68 3 387
65 20 302
65 17 361
64 13 243
63 12 236
63 7 330
63 27 279
62 29 383
61 25 258
60 10 314
58 13 263
58 8 264
58 23 370
57 15 394
56 7 360
54 21 351
52 25 342
51 22 232
49 8 179
49 25 263
46 16 268
45 20 211
45 21 302
44 6 140
44 9 281
42 5 270
42 21 162
41 16 314
41 3 291
38 17 211
38 18 342
37 7 131
36 16 175
36 2 110
34 1 356
34 9 328
31 13 96
30 2 118
30 9 190
28 12 390
27 11 298
26 1 228
25 2 336
24 6 304
24 8 142
24 11 233
23 7 78
22 5 360
21 4 214
21 7 301
18 8 294
17 9 92
17 5 174
16 2 168
14 2 379
13 3 391
12 5 222
12 4 272
11 4 234
10 1 177
10 3 163
9 5 149
8 3 344
6 1 197
5 1 396
5 2 96
4 2 386
4 2 328
3 2 49
2 1 270
1 1 67
