100

100 13 187
100 4 240
99 15 474
99 29 447
99 21 201
97 27 284
96 12 237
95 23 351
95 13 306
93 1 231
93 20 325
93 9 340
91 14 334
89 11 473
89 12 200
89 4 428
88 7 447
87 13 361
87 9 317
86 26 305
85 26 353
85 5 410
84 5 424
83 11 378
81 22 220
80 6 255
80 2 493
79 14 193
79 20 193
78 12 448
78 19 388
78 13 344
77 13 334
75 4 191
75 16 303
73 4 301
73 22 300
73 6 378
72 4 390
71 3 200
71 1 207
70 11 321
70 12 183
69 12 329
66 20 478
65 16 206
65 11 337
63 17 346
60 4 394
60 7 440
59 8 240
59 7 368
58 7 187
58 8 405
57 15 442
57 3 295
55 7 307
55 1 251
55 13 213
55 9 497
54 10 398
54 7 441
53 16 441
53 2 434
52 7 297
51 14 304
50 2 196
50 15 286
49 14 375
49 5 479
49 9 186
48 8 228
45 2 408
45 7 321
45 6 466
45 13 384
44 8 277
44 7 419
43 11 379
43 5 329
41 12 277
41 2 301
40 2 458
40 4 260
40 7 471
36 9 221
36 7 379
35 2 449
34 7 449
34 10 234
33 6 446
33 6 255
33 5 468
33 1 281
33 9 364
32 1 446
32 6 299
32 10 426
32 7 364
30 1 376
