100

100 36 294
100 23 224
100 20 285
99 22 295
99 1 227
99 32 176
99 48 166
98 38 164
97 42 285
96 36 185
95 34 249
94 21 173
94 41 179
91 21 146
90 28 162
90 11 190
90 16 297
89 5 289
89 8 256
89 9 261
88 27 268
88 18 234
87 13 251
87 28 210
86 26 272
85 34 200
85 39 200
85 3 264
84 20 235
82 27 251
81 29 233
80 9 262
80 32 201
79 19 244
79 24 260
77 6 233
76 17 222
74 12 234
73 10 148
71 14 220
70 24 273
69 32 228
68 13 165
68 7 249
67 14 240
67 8 246
66 5 234
65 4 199
65 16 179
65 25 168
62 19 216
62 20 238
62 16 254
59 7 267
59 3 224
59 24 184
57 16 169
57 16 285
55 11 240
55 20 198
54 19 190
51 20 178
50 15 152
49 14 292
47 12 165
47 1 285
46 20 186
45 7 188
45 19 237
43 2 271
42 2 192
41 4 281
41 7 284
41 14 204
39 9 184
38 17 151
37 18 214
35 6 146
35 12 156
34 11 274
34 10 285
34 7 268
33 12 272
32 7 231
31 13 141
30 12 150
29 5 152
29 12 246
27 2 282
26 5 257
26 1 218
25 4 195
24 10 266
24 1 178
24 4 235
21 2 241
21 8 216
21 10 279
20 7 229
20 2 198
