100

100 6 268
99 29 278
99 20 219
98 16 162
96 20 206
95 3 262
95 29 193
95 14 179
93 13 185
93 8 245
92 25 194
92 17 205
92 25 198
91 18 141
90 13 152
89 12 227
89 11 223
89 26 212
87 17 172
87 3 196
87 10 292
85 22 223
84 23 259
81 16 144
81 24 199
80 5 263
79 1 299
77 5 159
74 7 151
74 15 254
74 15 233
73 4 262
73 18 238
72 13 289
71 13 145
70 13 181
70 20 210
66 7 277
66 9 284
65 1 221
65 5 186
65 15 297
64 17 147
63 8 140
63 19 272
63 3 296
63 3 235
63 16 160
61 6 216
57 11 249
56 14 214
54 15 284
52 9 141
52 6 168
51 14 244
49 3 177
48 7 222
46 1 245
44 14 172
44 2 222
44 9 198
42 10 284
40 3 232
40 10 196
40 4 144
38 10 283
38 10 168
35 5 155
34 1 287
31 2 242
31 4 150
31 3 165
30 4 292
27 4 241
27 1 180
25 1 245
25 7 297
24 8 247
21 4 212
21 7 229
21 1 162
18 4 221
17 5 243
17 2 188
16 4 159
16 4 286
16 1 235
15 4 300
15 1 160
11 1 278
11 3 283
9 2 180
9 3 225
9 3 218
8 2 289
5 1 262
5 1 231
5 2 248
3 1 253
1 1 276
