100

99 12 308
96 25 365
96 13 331
94 9 349
94 20 302
93 20 336
93 13 323
90 24 317
90 16 349
88 27 395
88 1 301
88 12 297
87 25 261
87 6 265
86 4 381
85 8 393
84 11 347
84 9 255
84 5 392
83 4 353
83 5 387
83 22 302
82 14 316
81 10 338
81 20 272
80 1 264
80 3 303
77 19 253
75 22 299
75 9 388
75 11 317
74 19 366
73 16 263
69 12 250
69 10 336
67 17 286
67 1 385
66 20 268
66 14 321
65 7 275
65 14 277
64 6 372
64 2 394
63 10 363
63 2 356
63 15 350
59 14 248
58 18 203
56 3 274
55 7 281
54 12 230
54 11 312
53 3 166
53 1 293
52 14 284
50 9 183
50 8 322
50 12 302
48 9 231
48 4 348
47 12 159
47 5 200
45 1 137
43 3 360
42 5 334
42 6 128
42 5 151
41 2 213
41 10 391
41 12 311
40 11 250
39 11 344
38 1 317
38 11 175
34 11 249
34 10 110
32 9 363
32 5 232
32 5 311
31 4 306
31 2 129
30 7 199
30 3 196
29 2 382
27 2 392
26 3 243
26 5 287
26 7 254
26 6 206
25 1 192
25 6 181
25 7 351
24 2 226
23 1 396
22 2 136
22 5 388
22 7 338
21 2 97
21 2 289
20 5 115
