100

98 24 294
96 4 288
95 20 285
95 14 299
94 13 296
94 9 300
92 9 285
91 5 281
89 16 295
88 1 293
86 3 260
85 29 261
84 26 289
84 21 278
83 9 255
83 29 277
82 28 275
82 1 283
81 13 282
80 28 284
80 15 256
79 27 258
77 15 293
77 2 298
77 36 283
75 18 293
75 33 251
75 10 292
75 27 282
75 14 271
72 26 294
71 23 291
70 32 293
69 13 268
68 25 272
68 17 250
66 2 211
66 10 293
66 7 299
66 16 255
64 32 221
64 24 232
64 14 253
64 10 284
63 14 214
62 17 188
62 14 241
61 24 273
59 28 276
58 13 253
58 7 239
58 4 220
57 11 291
56 27 272
56 3 203
56 5 287
56 5 263
55 21 208
55 25 209
54 13 256
54 2 175
53 6 267
51 24 160
51 22 156
51 12 199
50 13 172
50 20 185
49 8 261
49 17 198
49 24 186
48 22 164
48 21 225
48 21 163
45 3 139
45 10 177
44 22 257
43 8 212
41 17 139
40 6 237
40 17 206
36 4 234
34 17 146
33 4 166
32 6 171
32 2 177
32 16 217
29 15 288
27 11 114
27 2 260
27 4 146
27 9 181
25 4 179
25 10 160
25 3 133
24 10 149
23 1 108
23 10 125
21 5 128
21 6 248
20 8 154
