100

99 10 297
97 16 291
95 31 285
95 28 299
94 1 296
92 4 300
91 23 283
89 40 277
86 24 294
86 25 292
85 28 258
84 22 259
80 4 286
80 33 272
80 24 247
80 26 273
80 5 273
79 37 280
76 11 277
76 34 280
75 25 246
74 29 248
73 24 292
71 15 297
71 11 279
69 26 292
65 2 231
64 32 288
64 1 273
64 12 259
63 30 292
63 11 288
62 15 291
60 1 258
59 19 264
58 11 235
57 22 188
54 9 290
53 8 299
52 7 237
51 24 192
50 16 205
48 12 233
48 4 276
48 8 179
46 11 140
44 15 213
43 20 260
43 3 267
43 5 236
43 13 217
42 10 190
41 13 287
40 17 261
40 1 168
39 6 282
38 18 248
38 13 173
38 1 174
38 12 240
37 12 129
37 6 255
37 19 120
37 12 115
36 15 168
35 6 134
34 6 148
33 16 249
32 9 164
30 15 143
29 14 114
28 6 197
26 1 106
26 11 84
26 8 134
24 7 241
23 10 182
22 2 87
21 3 217
21 8 176
19 7 217
18 8 108
17 9 134
16 5 140
16 4 148
15 8 196
14 5 285
13 7 78
12 1 252
12 4 115
11 4 155
9 1 153
9 1 130
8 2 95
8 2 117
7 4 68
6 2 86
6 3 95
5 2 237
1 1 119
