100

99 34 297
99 37 298
98 14 297
97 33 292
97 3 292
96 2 288
96 25 291
95 41 293
95 45 285
95 7 299
94 23 290
94 5 297
94 1 293
94 3 285
91 6 298
91 18 277
89 9 293
88 13 290
87 21 290
86 27 283
86 9 268
85 10 287
84 18 265
83 30 273
82 2 293
82 22 275
82 6 262
81 18 273
81 12 245
79 20 299
78 5 282
78 7 295
76 22 229
76 24 235
76 17 239
76 22 251
73 13 298
72 35 294
71 26 218
71 32 272
70 9 217
70 16 288
70 29 240
69 27 228
69 15 276
69 24 298
69 19 292
69 12 234
68 1 216
68 22 300
67 2 210
66 16 245
65 7 285
64 17 266
61 7 300
61 28 242
61 19 204
61 14 185
60 19 249
60 5 231
59 7 204
59 10 192
58 20 255
57 7 181
57 27 235
55 8 200
54 17 165
54 10 181
48 14 269
45 5 198
45 17 193
44 13 291
44 14 193
43 3 144
42 15 189
42 9 146
42 4 155
42 4 171
41 10 172
41 11 296
39 14 255
38 6 281
37 7 187
37 1 133
36 6 211
36 2 231
35 15 181
35 18 246
35 6 212
35 3 279
34 15 173
34 13 188
34 11 243
33 14 228
33 17 176
32 7 186
31 11 97
31 14 100
31 8 218
30 10 138
