100

98 6 294
96 28 298
95 28 287
95 27 299
94 11 286
94 12 283
92 9 290
91 1 294
89 21 285
88 4 284
86 20 259
85 21 263
84 15 293
84 19 289
83 22 256
83 6 267
82 23 286
82 15 269
81 1 289
80 9 280
80 7 253
79 18 277
77 4 269
77 18 291
77 13 297
75 15 262
75 2 267
75 22 267
75 19 256
75 14 298
72 1 290
71 3 281
70 8 272
69 10 300
68 9 220
68 5 296
66 9 202
66 1 223
66 5 293
66 11 242
64 14 206
64 2 299
64 19 234
64 2 294
63 19 281
62 17 214
62 3 251
61 9 204
59 11 229
58 10 279
58 18 191
58 14 276
57 7 230
56 17 181
56 3 235
56 10 227
56 8 195
55 17 174
55 5 272
54 8 290
54 12 211
53 4 262
51 2 153
51 4 184
51 14 294
50 10 271
50 4 283
49 6 291
49 11 265
49 14 251
48 10 218
48 13 172
48 8 149
45 10 265
45 6 270
44 14 142
43 9 196
41 4 133
40 11 149
40 3 175
36 6 268
34 8 258
33 2 269
32 2 259
32 5 213
32 6 113
29 8 122
27 1 202
27 2 114
27 1 211
27 8 103
25 1 243
25 8 125
25 8 86
24 7 228
23 3 199
23 3 137
21 7 290
21 1 95
20 2 226
