100

100 42 294
99 8 224
97 46 266
96 23 275
96 35 141
96 2 194
94 28 142
94 3 141
94 39 187
93 3 224
93 20 271
93 14 245
92 2 165
91 11 283
90 5 221
90 33 199
90 8 294
89 21 199
89 28 211
88 36 176
88 2 263
83 36 259
83 4 292
82 28 253
82 1 179
81 19 187
80 27 270
80 3 166
80 13 256
79 3 295
79 29 272
79 33 294
79 3 276
78 11 201
78 25 185
78 30 196
76 12 147
74 21 172
74 36 188
73 34 208
73 10 284
71 3 169
70 3 263
69 34 191
69 28 197
68 4 252
67 8 276
67 1 202
66 12 144
65 7 193
64 27 296
63 21 183
63 10 183
63 30 241
62 10 271
59 23 257
58 11 154
58 4 160
57 28 150
56 10 293
56 13 179
56 4 141
56 19 271
53 22 260
53 13 144
53 8 234
52 4 163
51 23 151
51 10 157
50 24 177
49 19 148
48 22 210
48 3 199
48 5 279
47 16 297
46 13 155
46 10 177
45 19 149
43 14 228
42 9 141
41 17 263
41 10 190
39 11 148
39 12 275
39 8 209
38 13 248
38 12 161
38 4 216
38 13 251
38 17 167
37 10 256
37 11 238
37 18 275
36 3 232
36 10 155
33 14 288
32 5 241
32 14 263
31 8 201
31 8 273
