100

99 11 297
97 29 291
95 21 285
95 10 299
94 15 296
92 17 300
91 21 283
89 19 277
86 9 294
86 24 292
85 12 258
84 8 259
80 14 286
80 7 272
80 17 247
80 7 273
80 10 273
79 7 280
76 13 277
76 8 280
75 9 246
74 9 248
73 1 292
71 11 297
71 15 279
69 15 292
65 18 231
64 16 288
64 18 273
64 19 259
63 2 292
63 2 288
62 17 291
60 17 258
59 18 264
58 17 235
57 6 188
54 12 290
53 4 299
52 6 237
51 7 192
50 14 205
48 12 233
48 7 276
48 3 179
46 11 140
44 8 213
43 10 260
43 2 267
43 8 236
43 12 217
42 6 190
41 6 287
40 12 261
40 5 168
39 5 282
38 11 248
38 10 173
38 1 174
38 3 240
37 8 129
37 7 255
37 7 120
37 8 115
36 4 168
35 6 134
34 8 148
33 5 249
32 3 164
30 5 143
29 6 114
28 8 197
26 6 106
26 1 84
26 6 134
24 5 241
23 7 182
22 1 87
21 2 217
21 1 176
19 6 217
18 4 108
17 1 134
16 3 140
16 3 148
15 5 196
14 3 285
13 2 78
12 1 252
12 3 115
11 1 155
9 2 153
9 1 130
8 1 95
8 3 117
7 3 68
6 2 86
6 1 95
5 2 237
1 1 119
