100

100 19 311
99 8 350
97 11 296
96 15 379
96 5 350
96 24 350
94 28 303
94 5 400
94 15 395
93 5 305
93 9 348
93 14 360
92 2 372
91 5 331
90 14 301
90 10 362
90 10 372
89 26 371
89 25 368
88 26 355
88 25 279
83 19 251
83 12 346
82 17 320
82 14 256
81 21 385
80 4 398
80 10 393
80 16 264
79 16 238
79 20 351
79 18 330
79 20 300
78 12 259
78 6 304
78 8 365
76 20 366
74 12 284
74 1 239
73 12 346
73 4 394
71 20 298
70 18 299
69 2 380
69 10 293
68 11 369
67 1 215
67 14 275
66 15 209
65 6 294
64 7 217
63 18 284
63 6 332
63 3 284
62 5 232
59 15 215
58 9 204
58 8 227
57 1 322
56 16 264
56 16 242
56 7 216
56 16 254
53 14 229
53 9 324
53 13 223
52 8 209
51 13 153
51 4 223
50 1 195
49 5 261
48 14 319
48 1 386
48 11 312
47 3 297
46 7 333
46 6 314
45 12 225
43 13 255
42 9 348
41 12 126
41 13 229
39 4 246
39 11 261
39 5 153
38 3 241
38 11 351
38 8 140
38 5 137
38 9 152
37 8 211
37 9 206
37 9 334
36 6 228
36 1 266
33 6 133
32 6 183
32 4 283
31 1 371
31 3 304
