100

99 42 197
97 45 373
95 10 191
95 32 385
94 31 370
92 12 285
91 14 306
89 45 306
86 36 459
86 36 471
85 32 252
84 2 254
80 21 188
80 2 426
80 10 248
80 8 275
80 4 342
79 26 411
76 19 467
76 35 296
75 10 356
74 21 467
73 5 449
71 18 430
71 22 484
69 27 249
65 24 384
64 8 429
64 8 374
64 28 296
63 31 305
63 25 194
62 20 473
60 21 277
59 3 462
58 14 343
57 9 195
54 26 397
53 12 396
52 13 254
51 21 431
50 22 233
48 5 449
48 14 268
48 4 257
46 4 312
44 9 451
43 17 208
43 16 210
43 20 493
43 18 284
42 12 404
41 17 327
40 14 332
40 19 322
39 14 213
38 10 308
38 15 456
38 14 363
38 17 428
37 7 500
37 16 207
37 13 268
37 10 442
36 18 335
35 7 247
34 15 385
33 9 331
32 2 288
30 6 252
29 6 265
28 6 240
26 5 295
26 13 429
26 10 390
24 6 487
23 12 261
22 8 330
21 8 218
21 5 347
19 7 275
18 7 191
17 6 486
16 5 297
16 3 206
15 8 443
14 2 245
13 4 386
12 2 266
12 6 445
11 2 273
9 1 278
9 1 449
8 2 214
8 1 195
7 3 399
6 3 256
6 3 380
5 3 327
1 1 294
