100

100 28 300
99 21 299
99 10 298
98 2 298
96 17 289
95 25 293
95 13 286
95 26 288
93 7 293
93 8 298
92 16 299
92 22 281
92 24 279
91 5 281
90 9 296
89 8 271
89 12 292
89 3 275
87 24 298
87 20 289
87 18 300
85 24 275
84 18 284
81 6 268
81 20 282
80 1 280
79 22 270
77 12 297
74 8 281
74 8 253
74 9 266
73 3 267
73 3 234
72 20 218
71 1 223
70 11 214
70 13 297
66 7 260
66 10 300
65 3 249
65 1 288
65 2 235
64 13 290
63 1 264
63 16 227
63 10 226
63 11 203
63 16 219
61 18 231
57 18 298
56 12 228
54 12 219
52 15 183
52 2 265
51 7 180
49 2 220
48 15 209
46 12 235
44 3 300
44 12 209
44 6 142
42 8 137
40 3 212
40 6 161
40 12 266
38 12 241
38 10 288
35 4 257
34 2 282
31 2 213
31 8 244
31 7 128
30 2 113
27 2 265
27 1 298
25 8 220
25 8 141
24 1 223
21 7 246
21 5 176
21 5 219
18 6 208
17 6 98
17 6 245
16 4 299
16 2 111
16 3 63
15 2 282
15 4 55
11 3 300
11 2 128
9 1 108
9 1 233
9 2 276
8 2 258
5 1 253
5 1 59
5 2 56
3 1 147
1 1 195
