100

98 16 294
97 29 291
94 12 282
92 23 298
91 1 294
91 24 300
90 14 281
89 7 277
86 18 294
85 1 291
84 16 255
83 22 256
82 16 288
81 7 274
78 18 241
76 13 267
75 6 266
73 8 274
73 3 274
72 10 277
72 19 239
71 19 242
70 8 291
70 7 297
69 6 278
69 11 292
66 16 233
64 4 288
60 3 270
60 3 254
59 10 291
58 2 286
57 17 290
56 16 254
55 1 260
54 14 228
53 1 178
52 15 290
52 14 299
51 7 235
50 12 190
49 2 203
49 12 234
48 14 276
47 7 177
47 6 143
45 5 215
43 1 260
43 2 267
43 10 236
42 7 216
42 12 190
42 11 287
42 3 263
40 11 168
39 6 282
39 5 248
36 11 169
35 3 168
34 4 236
34 4 121
34 10 253
33 6 108
32 9 100
30 6 156
30 3 121
30 8 139
29 3 246
29 3 158
28 6 139
25 6 103
23 1 189
22 4 95
22 2 73
22 3 125
22 5 240
22 2 180
20 1 82
20 4 216
19 5 173
19 2 217
18 2 108
16 1 132
16 4 140
16 1 148
15 1 196
15 1 285
15 1 84
13 4 252
12 1 115
12 2 156
10 2 154
9 2 130
8 3 95
6 2 113
5 1 63
4 1 81
4 2 90
2 1 235
2 1 121
