100

100 23 300
99 20 298
99 15 297
98 7 298
98 13 296
96 27 288
96 1 296
93 17 280
89 12 289
84 20 288
84 11 294
83 11 295
83 5 266
82 23 258
81 5 262
80 14 281
79 7 262
79 1 278
79 9 247
79 7 264
78 21 283
77 23 244
76 20 273
75 11 245
74 22 268
71 13 238
71 13 235
70 8 239
69 15 276
69 10 247
68 21 223
67 10 258
67 10 238
66 20 293
62 8 219
56 1 256
55 10 282
54 7 196
53 3 262
51 6 297
50 5 209
50 2 280
50 3 162
49 8 258
48 13 163
48 7 173
47 5 228
45 14 165
45 4 215
45 7 297
42 3 278
42 5 300
42 1 235
41 1 219
41 11 124
40 1 199
40 3 194
39 8 254
38 1 141
37 5 254
36 7 236
36 9 291
34 5 136
34 6 190
33 2 179
32 4 118
32 10 250
31 1 235
29 2 107
28 5 229
28 8 189
28 2 188
26 2 299
24 3 108
24 4 114
22 3 296
22 2 115
22 6 267
21 4 117
18 2 125
18 6 129
17 4 82
17 4 268
15 2 71
14 2 192
14 1 129
12 4 151
12 2 43
11 3 200
10 3 193
10 1 189
9 1 280
8 2 71
7 1 139
7 1 243
5 2 206
3 1 208
3 1 163
2 1 269
2 1 157
