100

100 3 300
100 47 300
100 43 300
99 10 299
99 40 297
99 29 298
99 40 297
98 48 297
97 6 292
96 23 289
95 27 291
94 35 284
94 39 290
91 40 280
90 24 274
90 12 274
90 27 290
89 27 282
89 1 300
89 29 282
88 29 290
88 4 266
87 18 272
87 8 268
86 37 286
85 15 263
85 13 285
85 15 291
84 6 294
82 25 288
81 21 268
80 17 295
80 40 246
79 13 277
79 8 296
77 35 240
76 12 294
74 25 223
73 19 293
71 22 262
70 34 239
69 25 252
68 12 261
68 26 240
67 18 207
67 14 292
66 3 239
65 9 274
65 16 280
65 3 295
62 17 191
62 24 210
62 17 298
59 16 285
59 16 187
59 18 205
57 3 272
57 1 229
55 10 218
55 21 192
54 16 280
51 26 286
50 25 299
49 10 239
47 17 298
47 21 143
46 16 189
45 22 214
45 16 205
43 1 298
42 19 242
41 20 171
41 1 240
41 3 159
39 14 278
38 7 287
37 14 115
35 18 153
35 14 215
34 8 246
34 3 114
34 5 239
33 15 226
32 14 167
31 14 111
30 6 263
29 5 263
29 5 146
27 4 119
26 2 235
26 5 142
25 10 235
24 5 243
24 4 96
24 6 160
21 8 193
21 10 142
21 8 139
20 3 182
20 3 109
