100

99 22 298
97 15 376
97 22 271
96 12 260
96 14 209
94 1 263
93 2 346
93 25 265
92 16 223
92 6 403
91 11 332
90 2 244
90 14 197
90 20 226
88 16 304
87 16 325
87 23 249
86 16 426
86 4 397
86 4 482
85 9 492
85 16 403
85 6 237
85 9 418
84 26 308
84 9 401
83 2 306
83 25 492
82 5 465
82 4 383
81 5 370
81 16 209
81 9 353
79 12 496
79 22 461
78 19 453
77 12 334
76 15 283
76 19 229
76 12 488
76 4 300
76 8 474
74 1 397
74 5 485
73 20 386
71 3 205
71 6 468
70 5 350
70 8 185
69 19 242
69 11 323
67 4 302
67 13 211
66 14 321
65 17 195
65 12 290
65 12 467
63 9 183
62 19 208
62 11 373
61 17 182
60 16 236
60 16 214
60 12 380
59 17 244
59 14 195
58 17 215
57 7 312
56 4 231
56 7 219
55 16 185
55 6 401
54 15 226
53 3 443
52 14 338
51 16 210
50 1 436
50 14 334
48 13 406
48 9 441
43 12 246
40 8 296
38 2 470
38 2 280
38 10 181
37 4 282
35 3 254
35 6 326
35 10 383
35 6 249
34 2 459
33 8 402
33 9 484
32 2 467
32 10 303
31 2 262
31 7 499
31 3 385
31 8 443
30 1 428
