100

99 4 297
99 29 297
98 46 294
97 22 300
97 10 298
96 46 300
96 12 292
95 22 290
95 45 298
95 33 297
94 32 283
94 23 284
94 29 296
94 13 292
91 27 276
91 13 288
89 27 285
88 13 289
87 4 288
86 27 289
86 42 269
85 1 270
84 8 295
83 20 299
82 30 287
82 30 295
82 28 264
81 2 294
81 40 286
79 31 276
78 26 295
78 2 293
76 35 294
76 30 275
76 28 279
76 27 263
73 32 230
72 16 294
71 23 299
71 36 262
70 8 234
70 31 243
70 26 261
69 27 286
69 31 228
69 20 208
69 6 252
69 21 278
68 23 282
68 16 264
67 16 252
66 20 235
65 9 292
64 8 277
61 21 214
61 14 289
61 8 267
61 24 220
60 23 219
60 15 262
59 8 189
59 6 271
58 21 180
57 4 174
57 10 211
55 6 185
54 22 194
54 11 265
48 23 196
45 16 177
45 14 156
44 3 220
44 13 153
43 6 134
42 21 170
42 12 255
42 6 211
42 21 142
41 8 238
41 10 207
39 12 237
38 15 155
37 18 174
37 16 180
36 9 184
36 15 222
35 15 289
35 12 134
35 11 264
35 5 163
34 11 192
34 12 193
34 9 177
33 3 151
33 13 167
32 5 130
31 3 143
31 4 149
31 15 254
30 1 172
