100

100 31 300
100 29 300
99 25 297
98 26 294
98 27 300
97 30 298
97 41 300
96 27 292
95 41 290
95 43 298
94 42 297
94 15 283
94 24 284
93 45 295
92 20 289
89 38 270
89 15 285
88 8 284
88 17 289
88 18 289
88 39 290
87 35 272
86 22 272
85 38 296
84 5 299
84 23 289
82 7 295
81 1 262
81 21 294
80 26 285
79 16 276
78 33 295
77 33 293
77 6 295
76 14 275
76 3 279
76 25 263
76 10 237
74 19 295
74 24 299
74 3 266
73 32 240
72 22 247
72 24 264
72 18 287
71 17 233
71 34 214
71 11 255
69 1 278
69 4 282
68 32 264
68 23 253
68 1 239
68 15 293
67 24 279
67 5 228
66 21 290
66 31 271
65 32 228
65 26 229
64 19 265
64 26 202
62 28 273
61 24 188
58 17 176
57 2 211
57 20 190
57 21 201
56 17 266
55 10 210
54 17 197
54 24 179
54 27 234
53 18 176
53 10 163
52 16 192
52 17 263
52 20 226
52 16 169
51 24 248
51 11 223
50 19 249
49 22 181
49 19 198
48 7 201
47 16 204
46 8 234
45 9 291
45 15 160
40 19 267
40 5 174
39 15 200
37 17 198
37 8 183
35 6 155
34 7 169
34 17 135
33 6 147
33 1 154
30 9 254
