100

98 27 196
97 2 372
94 13 190
92 17 384
91 23 369
91 10 285
90 3 305
89 26 306
86 41 459
85 2 471
84 36 252
83 33 254
82 6 187
81 30 426
78 25 248
76 37 275
75 7 342
73 12 411
73 36 467
72 4 296
72 30 356
71 34 466
70 29 449
70 11 429
69 2 484
69 32 248
66 20 384
64 7 428
60 11 374
60 22 296
59 4 305
58 13 193
57 4 473
56 18 276
55 22 462
54 7 342
53 17 194
52 9 397
52 14 396
51 9 253
50 19 431
49 25 232
49 17 449
48 19 267
47 2 256
47 10 311
45 12 451
43 7 207
43 19 209
43 1 493
42 2 283
42 17 404
42 14 326
42 11 332
40 19 321
39 8 212
39 8 307
36 1 455
35 15 362
34 17 428
34 9 500
34 6 206
33 11 268
32 8 441
30 13 335
30 6 246
30 4 385
29 1 330
29 1 288
28 7 251
25 12 264
23 7 239
22 1 294
22 10 429
22 7 390
22 2 487
22 10 260
20 7 330
20 4 217
19 2 347
19 8 274
18 8 190
16 6 486
16 5 296
16 3 205
15 3 443
15 4 244
15 1 386
13 4 265
12 1 444
12 5 272
10 2 277
9 1 448
8 3 213
6 3 194
5 2 399
4 2 255
4 2 380
2 1 327
2 1 293
