100

99 34 298
99 32 376
98 30 271
97 33 260
97 36 209
96 11 263
96 5 346
95 4 265
95 12 223
95 37 403
94 4 332
94 40 244
94 40 197
94 42 226
91 7 304
91 9 325
89 15 249
88 29 426
87 23 397
86 9 482
86 27 492
85 22 403
84 33 237
83 9 418
82 25 308
82 13 401
82 2 306
81 16 492
81 33 465
79 20 383
78 34 370
78 4 209
76 16 353
76 7 496
76 26 461
76 24 453
73 23 334
72 18 283
71 24 229
71 3 488
70 12 300
70 31 474
70 7 397
69 21 485
69 33 386
69 9 205
69 20 468
69 16 350
68 8 185
68 18 242
67 5 323
66 8 302
65 26 211
64 8 321
61 6 195
61 6 290
61 10 467
61 6 183
60 15 208
60 2 373
59 20 182
59 21 236
58 17 214
57 22 380
57 17 244
55 27 195
54 4 215
54 2 312
48 18 231
45 8 219
45 6 185
44 12 401
44 13 226
43 13 443
42 3 338
42 3 210
42 17 436
42 4 334
41 7 406
41 9 441
39 12 246
38 10 296
37 5 470
37 1 280
36 11 181
36 14 282
35 17 254
35 15 326
35 18 383
35 16 249
34 11 459
34 8 402
34 8 484
33 14 467
33 13 303
32 9 262
31 5 499
31 5 385
31 5 443
30 1 428
