100

98 34 305
96 34 365
95 31 329
95 14 350
94 10 302
94 10 337
92 41 322
91 11 318
89 11 348
88 8 395
86 42 297
85 23 290
84 18 252
84 13 256
83 29 379
83 21 393
82 21 345
82 1 249
81 24 391
80 11 350
80 27 386
79 27 294
77 3 308
77 31 333
77 26 262
75 12 251
75 5 294
75 35 247
75 13 299
75 31 388
72 25 312
71 1 364
70 20 257
69 27 250
68 9 335
68 12 287
66 28 384
66 10 268
66 9 321
66 18 277
64 30 275
64 28 372
64 15 394
64 6 364
63 21 356
62 31 349
62 5 254
61 31 211
59 17 279
58 28 286
58 23 239
58 3 317
57 10 177
56 19 297
56 17 290
56 25 198
56 6 328
55 25 308
55 22 244
54 11 351
54 23 178
53 14 214
51 5 155
51 21 363
51 22 341
50 14 152
50 5 173
49 8 229
49 16 392
49 8 319
48 7 263
48 13 350
48 2 325
45 11 191
45 6 265
44 6 140
43 19 367
41 18 247
40 2 318
40 3 314
36 12 142
34 1 207
33 15 202
32 14 383
32 5 392
32 9 251
29 1 290
27 5 255
27 11 208
27 3 196
27 8 185
25 9 351
25 8 227
25 10 396
24 8 141
23 4 388
23 9 338
21 4 97
21 2 289
20 1 115
