100

100 8 268
99 25 278
99 18 219
98 13 162
96 27 206
95 24 262
95 15 193
95 42 179
93 13 185
93 44 245
92 44 194
92 32 205
92 25 198
91 15 141
90 38 152
89 33 227
89 35 223
89 28 212
87 9 172
87 6 196
87 27 292
85 13 223
84 29 259
81 4 144
81 20 199
80 36 263
79 38 299
77 20 159
74 24 151
74 25 254
74 19 233
73 3 262
73 6 238
72 9 289
71 20 145
70 32 181
70 11 210
66 16 277
66 31 284
65 22 221
65 14 186
65 31 297
64 28 147
63 7 140
63 16 272
63 14 296
63 10 235
63 17 160
61 19 216
57 2 249
56 7 214
54 11 284
52 7 141
52 25 168
51 10 244
49 19 177
48 20 222
46 2 245
44 11 172
44 22 222
44 4 198
42 10 284
40 9 232
40 6 196
40 10 144
38 14 283
38 9 168
35 3 155
34 7 287
31 7 242
31 13 150
31 7 165
30 6 292
27 8 241
27 2 180
25 3 245
25 5 297
24 6 247
21 8 212
21 3 229
21 6 162
18 5 221
17 1 243
17 5 188
16 2 159
16 2 286
16 3 235
15 7 300
15 1 160
11 4 278
11 6 283
9 1 180
9 4 225
9 3 218
8 2 289
5 1 262
5 2 231
5 2 248
3 1 253
1 1 276
