100

99 11 157
97 3 219
95 22 160
95 2 241
94 17 171
92 32 274
91 43 154
89 20 228
86 3 241
86 38 255
85 5 218
84 15 141
80 9 258
80 27 279
80 2 186
80 18 273
80 19 195
79 28 156
76 14 220
76 19 181
75 38 296
74 32 295
73 3 143
71 33 178
71 32 298
69 23 244
65 33 289
64 22 202
64 22 211
64 30 275
63 13 271
63 5 300
62 31 264
60 22 158
59 28 166
58 4 200
57 4 258
54 7 160
53 10 141
52 25 267
51 17 215
50 13 168
48 24 176
48 1 300
48 4 249
46 14 283
44 18 279
43 6 198
43 3 279
43 13 271
43 18 162
42 5 284
41 15 280
40 18 172
40 10 155
39 5 235
38 5 170
38 17 185
38 11 235
38 14 208
37 7 160
37 9 204
37 7 270
37 14 145
36 6 165
35 1 257
34 1 268
33 6 213
32 6 260
30 8 285
29 6 248
28 1 149
26 8 289
26 9 145
26 5 270
24 1 284
23 5 152
22 1 242
21 10 249
21 2 210
19 4 193
18 2 255
17 4 248
16 2 227
16 7 238
15 2 264
14 2 235
13 5 214
12 6 151
12 3 267
11 5 188
9 1 280
9 2 198
8 3 168
8 1 234
7 3 283
6 1 239
6 2 172
5 1 150
1 1 172
