100

99 25 308
98 21 367
96 27 331
93 20 348
93 10 300
92 16 334
90 27 318
89 14 315
89 10 348
89 26 395
88 27 301
88 26 297
87 13 261
86 3 262
84 13 380
84 14 393
81 25 344
80 7 243
80 15 391
80 5 350
80 13 386
78 23 292
78 6 310
77 20 333
75 22 257
73 5 246
72 11 289
70 8 234
69 20 289
68 20 387
65 1 302
65 5 361
64 18 243
63 3 236
63 10 330
63 17 279
62 14 383
61 8 258
60 18 314
58 11 263
58 15 264
58 2 370
57 11 394
56 7 360
54 12 351
52 15 342
51 14 232
49 10 179
49 4 263
46 5 268
45 11 211
45 9 302
44 14 140
44 3 281
42 7 270
42 9 162
41 1 314
41 5 291
38 6 211
38 5 342
37 3 131
36 11 175
36 1 110
34 6 356
34 4 328
31 4 96
30 9 118
30 7 190
28 3 390
27 4 298
26 1 228
25 2 336
24 5 304
24 8 142
24 7 233
23 6 78
22 7 360
21 7 214
21 2 301
18 2 294
17 6 92
17 5 174
16 1 168
14 4 379
13 3 391
12 2 222
12 2 272
11 1 234
10 2 177
10 1 163
9 3 149
8 1 344
6 2 197
5 1 396
5 1 96
4 1 386
4 2 328
3 1 49
2 1 270
1 1 67
