100

99 12 297
96 4 288
96 4 288
94 22 299
94 42 296
93 33 300
93 13 287
90 30 279
90 26 296
88 37 293
88 24 266
88 17 269
87 10 291
87 34 282
86 36 263
85 16 280
84 10 278
84 35 285
84 16 285
83 1 286
83 9 263
83 2 266
82 13 295
81 9 299
81 6 286
80 9 295
80 30 260
77 16 293
75 6 282
75 27 271
75 6 294
74 2 292
73 23 294
69 33 268
69 29 273
67 18 249
67 18 214
66 33 293
66 21 299
65 7 254
65 19 223
64 21 232
64 26 253
63 19 283
63 2 214
63 21 190
59 11 237
58 11 270
56 24 275
55 26 249
54 22 233
54 15 212
53 15 290
53 2 270
52 7 195
50 22 285
50 1 258
50 19 197
48 11 195
48 17 250
47 17 156
47 16 262
45 16 142
43 10 132
42 7 181
42 15 151
42 7 166
41 3 255
41 4 182
41 1 168
40 10 143
39 18 212
38 1 137
38 19 119
34 12 152
34 1 249
32 5 195
32 12 115
32 16 228
31 8 192
31 14 229
30 7 136
30 2 160
29 3 165
27 6 168
26 11 209
26 6 287
26 1 111
26 1 259
25 7 142
25 8 178
25 9 179
24 5 158
23 7 128
22 11 145
22 2 106
22 6 122
21 3 128
21 11 248
20 9 154
