100

100 5 294
100 20 224
100 5 285
99 14 295
99 27 227
99 30 176
99 24 166
98 21 164
97 11 285
96 9 185
95 17 249
94 17 173
94 17 179
91 27 146
90 8 162
90 13 190
90 7 297
89 10 289
89 12 256
89 17 261
88 13 268
88 25 234
87 1 251
87 5 210
86 18 272
85 4 200
85 24 200
85 21 264
84 13 235
82 23 251
81 24 233
80 13 262
80 21 201
79 2 244
79 11 260
77 12 233
76 9 222
74 7 234
73 13 148
71 2 220
70 20 273
69 11 228
68 11 165
68 9 249
67 14 240
67 7 246
66 5 234
65 5 199
65 19 179
65 5 168
62 14 216
62 17 238
62 5 254
59 12 267
59 18 224
59 18 184
57 13 169
57 16 285
55 7 240
55 16 198
54 7 190
51 13 178
50 11 152
49 11 292
47 2 165
47 3 285
46 3 186
45 1 188
45 3 237
43 7 271
42 9 192
41 12 281
41 13 284
41 8 204
39 9 184
38 4 151
37 2 214
35 4 146
35 9 156
34 5 274
34 6 285
34 11 268
33 9 272
32 8 231
31 6 141
30 8 150
29 6 152
29 7 246
27 6 282
26 4 257
26 5 218
25 4 195
24 4 266
24 2 178
24 7 235
21 7 241
21 5 216
21 5 279
20 3 229
20 6 198
