100

99 35 143
99 45 157
98 14 141
97 24 238
97 45 261
96 17 168
96 48 229
95 47 143
95 10 294
95 11 272
94 46 175
94 17 188
94 25 149
94 42 241
91 38 163
91 14 237
89 24 257
88 5 144
87 20 222
86 38 262
86 21 199
85 8 297
84 30 238
83 9 248
82 8 167
82 1 277
82 17 244
81 10 291
81 40 200
79 34 193
78 3 285
78 18 157
76 18 169
76 19 245
76 29 290
76 10 294
73 22 239
72 9 155
71 17 285
71 5 272
70 23 218
70 8 285
70 2 160
69 18 249
69 1 297
69 24 257
69 25 139
69 27 271
68 22 170
68 17 251
67 10 234
66 2 242
65 1 199
64 22 148
61 19 271
61 10 274
61 6 165
61 7 200
60 5 180
60 10 232
59 7 170
59 25 142
58 2 238
57 14 173
57 11 210
55 22 197
54 26 233
54 17 251
48 11 239
45 2 265
45 5 247
44 14 259
44 20 287
43 22 177
42 18 157
42 9 239
42 15 263
42 19 265
41 20 250
41 7 251
39 18 278
38 15 151
37 16 232
37 14 160
36 4 152
36 15 247
35 13 145
35 11 177
35 14 159
35 12 242
34 3 271
34 3 185
34 9 159
33 5 200
33 13 191
32 10 234
31 4 254
31 14 299
31 5 183
30 5 266
