100

99 26 297
96 5 288
96 17 288
94 10 299
94 5 296
93 8 300
93 27 287
90 13 279
90 22 296
88 19 293
88 24 266
88 8 269
87 15 291
87 17 282
86 18 263
85 1 280
84 8 278
84 6 285
84 11 285
83 6 286
83 6 263
83 15 266
82 3 295
81 4 299
81 22 286
80 4 295
80 19 260
77 12 293
75 17 282
75 1 271
75 17 294
74 18 292
73 9 294
69 21 268
69 8 273
67 8 249
67 4 214
66 8 293
66 4 299
65 15 254
65 20 223
64 11 232
64 9 253
63 4 283
63 12 214
63 12 190
59 4 237
58 16 270
56 4 275
55 13 249
54 9 233
54 5 212
53 13 290
53 1 270
52 4 195
50 4 285
50 5 258
50 12 197
48 1 195
48 15 250
47 15 156
47 7 262
45 1 142
43 7 132
42 3 181
42 13 151
42 2 166
41 10 255
41 10 182
41 5 168
40 10 143
39 2 212
38 1 137
38 11 119
34 7 152
34 4 249
32 9 195
32 4 115
32 6 228
31 5 192
31 7 229
30 7 136
30 6 160
29 9 165
27 7 168
26 2 209
26 5 287
26 7 111
26 1 259
25 4 142
25 3 178
25 6 179
24 2 158
23 2 128
22 5 145
22 3 106
22 4 122
21 2 128
21 4 248
20 4 154
