100

100 31 268
99 19 278
99 40 219
98 5 162
98 42 206
96 22 262
96 12 193
93 13 179
89 7 185
84 33 245
84 29 194
83 34 205
83 35 198
82 37 141
81 12 152
80 9 227
79 6 223
79 10 212
79 30 172
79 4 196
78 18 292
77 8 223
76 26 259
75 21 144
74 28 199
71 35 263
71 2 299
70 21 159
69 32 151
69 19 254
68 27 233
67 2 262
67 22 238
66 6 289
62 26 145
56 27 181
55 20 210
54 7 277
53 4 284
51 14 221
50 2 186
50 15 297
50 25 147
49 14 140
48 23 272
48 2 296
47 20 235
45 10 160
45 19 216
45 4 249
42 11 214
42 12 284
42 16 141
41 7 168
41 7 244
40 18 177
40 10 222
39 13 245
38 12 172
37 5 222
36 7 198
36 14 284
34 17 232
34 12 196
33 1 144
32 16 283
32 14 168
31 11 155
29 7 287
28 4 242
28 12 150
28 14 165
26 11 292
24 3 241
24 11 180
22 7 245
22 10 297
22 7 247
21 3 212
18 2 229
18 3 162
17 8 221
17 3 243
15 3 188
14 2 159
14 6 286
12 3 235
12 5 300
11 4 160
10 3 278
10 1 283
9 3 180
8 2 225
7 3 218
7 2 289
5 3 262
3 2 231
3 1 248
2 1 253
2 1 276
