100

100 10 300
99 8 298
98 24 300
97 4 293
96 16 288
95 20 291
94 15 283
94 22 296
94 17 284
93 27 295
93 20 294
93 20 289
92 11 286
92 27 283
92 26 290
91 24 296
90 18 279
90 13 282
89 4 268
88 8 292
88 13 287
87 25 262
86 18 283
85 17 285
85 19 268
85 16 274
84 5 285
83 12 269
83 1 285
83 20 281
79 11 256
78 4 286
78 10 243
78 16 274
77 7 238
77 6 237
77 9 257
76 6 245
74 23 230
74 18 267
73 3 255
72 4 273
72 13 263
71 18 226
71 16 246
70 10 250
70 4 217
69 14 218
68 16 267
67 12 249
65 10 249
64 17 201
64 15 245
63 2 286
61 18 217
61 18 257
60 2 245
59 9 193
59 3 276
58 5 187
57 1 184
57 13 198
56 17 300
55 3 192
55 9 231
55 12 253
54 11 171
54 14 245
54 16 205
54 6 203
52 13 173
52 5 227
51 2 187
51 2 169
49 6 225
46 2 156
46 1 228
46 5 255
45 9 267
44 4 156
43 8 138
41 13 155
40 8 274
39 7 268
38 7 279
37 3 122
35 10 127
35 8 260
32 4 202
32 5 148
32 3 123
30 7 134
30 8 179
30 6 163
29 4 172
28 8 183
27 9 138
23 3 82
22 6 85
20 1 170
