100

98 14 157
97 9 218
94 1 160
92 9 240
91 14 170
91 6 274
90 19 153
89 41 227
86 33 240
85 15 254
84 21 217
83 25 140
82 24 258
81 24 279
78 9 185
76 30 273
75 21 195
73 3 155
73 2 220
72 25 180
72 32 296
71 13 295
70 9 142
70 32 177
69 12 298
69 6 244
66 33 288
64 3 201
60 3 210
60 20 275
59 5 271
58 24 300
57 15 264
56 27 157
55 18 165
54 6 199
53 25 258
52 20 159
52 13 140
51 26 267
50 4 215
49 25 168
49 2 175
48 8 300
47 14 249
47 15 282
45 23 279
43 10 197
43 11 279
43 17 270
42 9 161
42 11 283
42 4 280
42 18 171
40 6 154
39 4 234
39 4 169
36 4 184
35 5 234
34 6 207
34 11 159
34 7 204
33 10 270
32 4 144
30 12 164
30 2 256
30 4 268
29 1 212
29 8 260
28 8 285
25 1 248
23 1 149
22 9 289
22 4 144
22 10 270
22 7 284
22 7 151
20 1 242
20 10 249
19 3 209
19 4 192
18 5 255
16 7 248
16 4 226
16 6 238
15 4 264
15 1 235
15 8 213
13 5 150
12 6 267
12 6 188
10 4 280
9 3 197
8 1 167
6 1 234
5 3 283
4 2 239
4 2 171
2 1 149
2 1 171
