100

100 15 311
100 8 345
100 19 307
99 2 302
99 1 381
99 26 354
99 40 354
98 14 313
97 36 400
96 21 396
95 44 309
94 47 349
94 28 361
91 3 371
90 41 330
90 24 301
90 40 362
89 36 372
89 25 371
89 12 368
88 10 355
88 43 279
87 25 263
87 30 350
86 43 326
85 3 264
85 11 386
85 25 398
84 38 394
82 23 269
81 18 243
80 38 352
80 33 332
79 32 300
79 11 261
77 24 302
76 34 364
74 30 365
73 30 282
71 34 231
70 31 344
69 3 394
68 17 294
68 14 296
67 26 379
67 9 290
66 11 368
65 10 209
65 8 271
65 7 206
62 24 289
62 4 212
62 22 282
59 23 328
59 7 277
59 22 225
57 25 210
57 23 202
55 5 221
55 5 320
54 3 261
51 1 231
50 23 202
49 17 241
47 12 216
47 22 318
46 22 208
45 20 193
45 21 135
43 12 206
42 18 176
41 11 248
41 19 313
41 1 385
39 8 302
38 7 287
37 3 327
35 6 303
35 16 206
34 3 241
34 7 343
34 17 106
33 12 214
32 16 235
31 13 250
30 9 130
29 1 226
29 11 346
27 13 110
26 13 104
26 3 120
25 12 188
24 2 180
24 1 325
24 7 207
21 5 245
21 8 101
21 5 160
20 4 269
20 3 368
