100

100 18 300
99 16 298
98 49 294
97 32 297
96 17 292
95 25 285
94 45 293
94 23 283
94 43 294
93 21 295
93 40 297
93 35 298
92 19 284
92 15 281
92 8 284
91 12 292
90 16 282
90 18 289
89 25 272
88 24 279
88 6 291
87 36 268
86 22 285
85 16 267
85 24 282
85 13 268
84 9 264
83 5 265
83 13 287
83 19 271
79 28 250
78 27 272
78 26 258
78 36 296
77 21 251
77 19 277
77 10 291
76 13 245
74 33 279
74 4 299
73 36 251
72 5 289
72 14 223
71 33 276
71 7 223
70 1 226
70 22 259
69 33 224
68 20 251
67 6 298
65 11 287
64 3 300
64 23 260
63 16 249
61 14 183
61 24 234
60 14 229
59 24 269
59 19 195
58 16 270
57 25 257
57 11 294
56 15 191
55 18 225
55 12 219
55 24 179
54 6 266
54 19 257
54 15 175
54 3 255
52 16 226
52 13 226
51 12 299
51 8 176
49 3 175
46 14 297
46 7 172
46 12 277
45 17 172
44 10 181
43 18 181
41 3 145
40 4 277
39 7 135
38 10 222
37 19 174
35 8 190
35 7 110
32 6 224
32 6 220
32 7 216
30 5 285
30 15 126
30 1 178
29 12 257
28 14 229
27 3 231
23 10 191
22 11 275
20 9 183
