100

100 9 311
100 21 345
100 11 307
99 26 302
99 22 381
98 14 352
96 5 350
95 18 305
95 23 400
94 13 395
93 16 305
93 5 348
92 23 359
90 8 371
90 23 330
89 5 299
86 7 358
86 20 370
85 17 368
85 26 365
84 14 351
83 17 266
82 19 248
82 11 344
82 1 320
81 16 253
80 17 384
79 4 398
77 14 393
77 21 256
77 7 232
76 17 348
75 14 325
75 7 293
75 22 251
74 17 297
73 14 362
71 20 363
71 19 278
69 12 225
68 21 342
67 1 394
67 3 292
67 13 295
65 4 378
63 19 283
63 17 366
60 2 195
57 5 256
56 12 180
56 11 280
55 7 194
55 1 271
54 2 323
54 3 269
54 10 213
53 11 200
53 11 191
51 14 211
51 11 316
47 14 248
46 14 221
46 8 192
45 13 234
45 6 212
45 7 316
44 1 204
44 9 191
44 10 132
44 13 208
43 5 178
41 3 248
40 5 312
40 7 385
39 4 302
39 1 288
39 6 328
39 4 307
38 1 211
36 4 244
36 10 345
34 6 106
33 6 214
33 5 236
32 10 251
32 6 135
31 4 229
30 8 347
29 6 116
28 4 110
26 5 120
25 1 188
24 6 180
24 1 325
23 3 205
22 3 246
22 7 104
22 4 162
21 3 270
20 4 368
