100

99 33 297
96 13 298
96 12 289
94 38 299
94 36 286
93 29 280
93 47 291
90 32 293
90 32 286
88 40 284
88 2 264
88 23 270
87 10 295
87 11 291
86 24 264
85 34 271
84 26 288
84 7 272
84 2 291
83 29 283
83 30 260
83 40 282
82 27 276
81 25 293
81 8 298
80 33 269
80 8 274
77 23 270
75 4 256
75 32 298
75 16 291
74 19 283
73 22 275
69 8 300
69 22 222
67 13 296
67 33 205
66 21 223
66 10 293
65 22 241
65 21 209
64 8 299
64 30 234
63 11 294
63 29 281
63 2 216
59 11 247
58 7 197
56 20 224
55 13 278
54 20 181
54 9 274
53 26 223
53 26 173
52 26 230
50 19 217
50 9 181
50 14 160
48 12 267
48 5 288
47 23 198
47 14 257
45 17 135
43 6 165
42 17 293
42 20 266
42 8 280
41 10 290
41 5 260
41 16 243
40 7 205
39 12 150
38 8 121
38 11 261
34 6 264
34 16 114
32 14 176
32 8 108
32 14 129
31 16 156
31 14 266
30 2 255
30 14 268
29 8 257
27 10 206
26 11 96
26 1 114
26 12 200
26 11 112
25 11 209
25 1 98
25 8 243
24 2 123
23 5 81
22 5 226
22 10 198
22 4 135
21 2 290
21 6 95
20 6 226
