100

100 1 300
100 9 300
99 29 298
99 45 298
99 13 298
97 20 292
96 29 300
95 42 300
95 35 299
93 23 280
93 20 294
93 33 290
91 34 286
89 30 295
89 42 288
89 43 271
88 2 285
87 3 292
87 5 269
86 4 267
85 22 283
85 38 289
84 7 274
83 25 251
81 37 299
80 24 243
80 16 285
79 31 266
79 37 241
78 15 269
78 27 271
78 30 281
77 7 254
75 7 228
75 21 270
73 24 227
73 8 248
73 29 220
72 14 280
71 33 236
71 28 226
70 31 272
70 30 239
69 3 264
66 23 250
65 28 266
65 8 213
63 12 203
60 13 211
60 20 227
59 24 257
59 7 202
58 18 194
58 10 289
57 25 273
57 16 185
55 21 184
55 6 272
55 21 217
55 26 207
54 27 283
54 26 256
53 10 196
53 9 213
52 3 263
51 17 192
50 25 163
50 10 250
49 19 246
49 10 180
49 4 199
48 23 279
45 18 293
45 18 271
45 18 143
45 3 288
44 5 186
44 13 155
43 18 281
43 21 186
41 15 294
41 16 211
40 11 146
40 4 161
40 5 219
36 11 177
36 1 190
35 13 241
34 2 132
34 4 149
33 15 263
33 2 138
33 2 272
33 14 280
33 2 215
32 5 230
32 8 252
32 5 158
32 12 143
30 8 164
