100

99 19 297
97 24 294
97 14 296
96 15 290
96 14 290
94 22 283
93 15 284
93 27 290
92 8 276
92 25 298
91 25 285
90 8 295
90 18 288
90 16 274
88 5 298
87 26 267
87 1 292
86 19 288
86 21 289
86 4 283
85 15 265
85 12 287
85 21 267
85 4 276
84 26 294
84 21 278
83 24 264
83 14 276
82 18 248
82 1 300
81 10 285
81 1 296
81 21 244
79 11 243
79 24 246
78 16 255
77 4 299
76 10 295
76 10 232
76 8 276
76 18 233
76 8 291
74 7 248
74 19 240
73 11 279
71 20 298
71 4 292
70 16 236
70 17 221
69 10 300
69 13 215
67 15 247
67 14 286
66 5 268
65 1 300
65 1 248
65 3 214
63 19 191
62 9 252
62 10 235
61 14 209
60 5 194
60 2 257
60 2 190
59 2 238
59 6 209
58 12 177
57 1 189
56 3 274
56 4 218
55 4 213
55 8 293
54 8 212
53 16 171
52 2 208
51 3 170
50 4 175
50 3 189
48 7 187
48 4 297
43 4 258
40 2 282
38 5 188
38 5 136
38 11 214
37 7 232
35 11 181
35 7 246
35 4 212
35 10 279
34 5 173
33 3 186
33 2 242
32 2 227
32 10 174
31 9 184
31 6 97
31 7 100
31 8 218
30 7 138
