100

99 15 298
97 44 376
97 4 271
96 8 260
96 38 209
94 5 263
93 28 346
93 37 265
92 17 223
92 13 403
91 45 332
90 33 244
90 4 197
90 25 226
88 27 304
87 34 325
87 27 249
86 43 426
86 23 397
86 36 482
85 5 492
85 8 403
85 7 237
85 21 418
84 28 308
84 5 401
83 4 306
83 26 492
82 40 465
82 34 383
81 14 370
81 18 209
81 17 353
79 9 496
79 28 461
78 25 453
77 8 334
76 16 283
76 4 229
76 9 488
76 6 300
76 32 474
74 31 397
74 37 485
73 16 386
71 7 205
71 26 468
70 25 350
70 1 185
69 1 242
69 20 323
67 9 302
67 19 211
66 18 321
65 28 195
65 24 290
65 16 467
63 32 183
62 11 208
62 5 373
61 29 182
60 23 236
60 5 214
60 30 380
59 16 244
59 15 195
58 3 215
57 29 312
56 11 231
56 14 219
55 12 185
55 9 401
54 5 226
53 2 443
52 13 338
51 6 210
50 23 436
50 24 334
48 20 406
48 16 441
43 3 246
40 9 296
38 18 470
38 6 280
38 8 181
37 4 282
35 13 254
35 12 326
35 14 383
35 12 249
34 12 459
33 10 402
33 10 484
32 3 467
32 1 303
31 8 262
31 8 499
31 1 385
31 4 443
30 2 428
