100

100 7 187
99 30 240
97 29 231
96 21 192
96 14 192
96 17 401
94 22 461
94 11 358
94 4 378
93 28 186
93 5 208
93 8 399
92 4 433
91 6 454
90 18 299
90 5 382
90 6 351
89 2 269
89 18 210
88 20 330
88 18 466
83 19 344
83 5 367
82 12 299
82 15 450
81 9 376
80 13 280
80 19 249
80 24 405
79 17 308
79 8 230
79 22 483
79 23 311
78 5 411
78 3 297
78 6 192
76 16 437
74 8 486
74 17 389
73 8 479
73 7 394
71 13 188
70 16 448
69 20 339
69 8 412
68 17 388
67 20 421
67 12 469
66 2 416
65 8 345
64 13 489
63 9 281
63 9 483
63 4 452
62 9 222
59 11 242
58 15 252
58 2 491
57 17 199
56 3 313
56 11 271
56 17 246
56 10 199
53 4 447
53 8 423
53 10 226
52 8 187
51 13 409
51 14 292
50 3 483
49 11 408
48 5 377
48 6 342
48 5 439
47 6 446
46 8 206
46 13 494
45 1 294
43 7 446
42 8 431
41 9 457
41 13 327
39 10 367
39 10 276
39 12 189
38 4 274
38 1 247
38 1 426
38 6 432
38 11 259
37 12 397
37 8 253
37 2 327
36 9 467
36 9 398
33 5 222
32 3 299
32 2 311
31 10 379
31 3 491
