100

99 47 297
98 7 294
96 48 288
93 25 299
93 6 296
92 41 300
90 41 281
89 11 277
89 4 295
89 34 294
88 40 266
88 36 269
87 37 291
86 18 281
84 6 257
84 2 278
81 36 274
80 18 281
80 1 281
80 32 284
80 16 256
78 5 256
78 38 294
77 1 298
75 25 282
73 5 293
72 3 245
70 1 290
69 3 277
68 23 263
65 26 292
65 25 288
64 2 291
63 17 262
63 10 267
63 8 242
62 8 201
61 8 292
60 12 299
58 22 244
58 14 208
58 14 220
57 20 244
56 22 280
54 14 193
52 16 158
51 11 224
49 21 264
49 5 271
46 23 239
45 16 220
45 12 195
44 16 288
44 8 264
42 4 173
42 4 283
41 21 250
41 5 179
38 15 174
38 16 240
37 18 129
36 4 255
36 4 117
34 16 106
34 12 164
31 12 123
30 8 139
30 14 246
28 13 156
27 11 136
26 6 106
25 5 192
24 2 100
24 11 78
24 11 130
23 3 240
22 8 180
21 1 85
21 3 217
18 4 171
17 1 215
17 5 106
16 3 132
14 3 136
13 4 143
12 5 192
12 2 285
11 3 73
10 1 251
10 5 111
9 4 152
8 4 151
6 2 125
5 2 88
5 2 111
4 2 61
4 2 81
3 1 88
2 1 235
1 1 119
