100

100 14 300
99 4 298
98 26 294
97 12 297
96 26 292
95 20 285
94 9 293
94 1 283
94 25 294
93 10 295
93 12 297
93 14 298
92 12 284
92 8 281
92 22 284
91 13 292
90 8 282
90 26 289
89 14 272
88 1 279
88 23 291
87 24 268
86 26 285
85 23 267
85 12 282
85 17 268
84 16 264
83 23 265
83 17 287
83 10 271
79 9 250
78 15 272
78 9 258
78 23 296
77 20 251
77 21 277
77 19 291
76 20 245
74 16 279
74 19 299
73 2 251
72 5 289
72 7 223
71 1 276
71 4 223
70 12 226
70 9 259
69 16 224
68 7 251
67 20 298
65 6 287
64 20 300
64 18 260
63 4 249
61 14 183
61 8 234
60 4 229
59 12 269
59 10 195
58 2 270
57 6 257
57 16 294
56 6 191
55 5 225
55 10 219
55 13 179
54 16 266
54 10 257
54 4 175
54 15 255
52 6 226
52 4 226
51 2 299
51 10 176
49 2 175
46 2 297
46 4 172
46 1 277
45 5 172
44 14 181
43 13 181
41 5 145
40 10 277
39 7 135
38 1 222
37 7 174
35 2 190
35 5 110
32 10 224
32 9 220
32 6 216
30 2 285
30 2 126
30 9 178
29 2 257
28 1 229
27 4 231
23 7 191
22 5 275
20 6 183
