100

98 30 294
96 5 288
95 14 285
95 3 299
94 19 296
94 16 300
92 22 285
91 28 281
89 6 295
88 2 293
86 11 260
85 3 261
84 15 289
84 9 278
83 6 255
83 6 277
82 16 275
82 24 283
81 12 282
80 15 284
80 9 256
79 2 258
77 13 293
77 19 298
77 9 283
75 6 293
75 14 251
75 19 292
75 21 282
75 22 271
72 17 294
71 2 291
70 12 293
69 5 268
68 3 272
68 8 250
66 13 211
66 12 293
66 14 299
66 1 255
64 14 221
64 11 232
64 1 253
64 1 284
63 7 214
62 1 188
62 8 241
61 19 273
59 10 276
58 5 253
58 18 239
58 14 220
57 9 291
56 3 272
56 14 203
56 6 287
56 12 263
55 4 208
55 3 209
54 7 256
54 4 175
53 16 267
51 4 160
51 3 156
51 14 199
50 2 172
50 2 185
49 13 261
49 10 198
49 1 186
48 2 164
48 13 225
48 5 163
45 6 139
45 11 177
44 12 257
43 12 212
41 2 139
40 11 237
40 1 206
36 2 234
34 11 146
33 8 166
32 8 171
32 8 177
32 4 217
29 6 288
27 8 114
27 6 260
27 8 146
27 5 181
25 1 179
25 2 160
25 1 133
24 5 149
23 5 108
23 1 125
21 7 128
21 7 248
20 5 154
