100

100 12 300
100 17 300
100 18 300
99 7 297
99 26 299
98 17 296
96 9 288
95 17 295
95 1 286
94 2 294
93 3 295
93 19 297
92 20 298
90 11 280
90 16 277
89 11 278
86 1 287
86 6 274
85 3 284
85 26 262
84 12 273
83 11 287
82 8 256
82 17 280
82 15 260
81 2 277
80 24 257
79 7 253
77 12 253
77 7 282
77 10 261
76 2 243
75 21 268
75 20 253
75 12 295
74 14 244
73 16 273
71 10 288
71 20 234
69 2 275
68 19 298
67 8 240
67 8 287
67 5 209
65 8 271
63 12 202
63 9 209
60 17 245
57 12 195
56 10 232
56 8 298
55 6 283
55 9 300
54 8 249
54 16 237
54 1 163
53 4 221
53 2 217
51 4 263
51 11 174
47 12 262
46 10 246
46 3 293
45 11 163
45 1 208
45 7 201
44 13 150
44 2 259
44 10 248
44 2 148
43 9 244
41 13 209
40 10 207
40 10 299
39 10 146
39 1 151
39 1 297
39 3 156
38 11 274
36 7 152
36 5 164
34 1 162
33 7 124
33 10 274
32 6 117
32 5 214
31 2 163
30 5 181
29 1 93
28 3 219
26 1 212
25 7 208
24 3 283
24 5 111
23 1 166
22 4 252
22 1 223
22 6 226
21 2 189
20 5 275
