100

100 49 300
99 8 298
98 48 300
97 30 293
96 11 288
95 30 291
94 47 283
94 41 296
94 13 284
93 25 295
93 22 294
93 40 289
92 40 286
92 21 283
92 28 290
91 30 296
90 11 279
90 20 282
89 45 268
88 2 292
88 4 287
87 16 262
86 23 283
85 37 285
85 38 268
85 31 274
84 4 285
83 16 269
83 30 285
83 13 281
79 21 256
78 11 286
78 22 243
78 19 274
77 23 238
77 28 237
77 26 257
76 29 245
74 34 230
74 27 267
73 24 255
72 34 273
72 15 263
71 7 226
71 18 246
70 1 250
70 34 217
69 9 218
68 9 267
67 7 249
65 15 249
64 11 201
64 18 245
63 14 286
61 2 217
61 12 257
60 16 245
59 25 193
59 15 276
58 27 187
57 19 184
57 9 198
56 8 300
55 23 192
55 3 231
55 26 253
54 3 171
54 19 245
54 10 205
54 18 203
52 15 173
52 20 227
51 9 187
51 5 169
49 24 225
46 14 156
46 11 228
46 5 255
45 9 267
44 14 156
43 18 138
41 16 155
40 1 274
39 6 268
38 10 279
37 8 122
35 13 127
35 16 260
32 2 202
32 13 148
32 5 123
30 4 134
30 3 179
30 7 163
29 11 172
28 14 183
27 11 138
23 11 82
22 11 85
20 10 170
