100

100 45 300
99 29 298
99 12 297
98 20 298
98 2 296
96 37 288
96 19 296
93 8 280
89 33 289
84 31 288
84 20 294
83 7 295
83 27 266
82 36 258
81 14 262
80 30 281
79 23 262
79 20 278
79 39 247
79 11 264
78 24 283
77 24 244
76 24 273
75 16 245
74 28 268
71 35 238
71 26 235
70 2 239
69 20 276
69 30 247
68 20 223
67 15 258
67 27 238
66 25 293
62 17 219
56 19 256
55 12 282
54 6 196
53 1 262
51 11 297
50 18 209
50 4 280
50 4 162
49 9 258
48 19 163
48 16 173
47 9 228
45 7 165
45 9 215
45 10 297
42 9 278
42 18 300
42 18 235
41 19 219
41 8 124
40 12 199
40 20 194
39 11 254
38 15 141
37 9 254
36 1 236
36 18 291
34 16 136
34 13 190
33 16 179
32 16 118
32 8 250
31 11 235
29 14 107
28 13 229
28 3 189
28 8 188
26 7 299
24 1 108
24 4 114
22 4 296
22 7 115
22 9 267
21 3 117
18 4 125
18 6 129
17 3 82
17 5 268
15 3 71
14 7 192
14 3 129
12 3 151
12 2 43
11 5 200
10 1 193
10 4 189
9 3 280
8 3 71
7 2 139
7 4 243
5 3 206
3 2 208
3 2 163
2 1 269
2 1 157
