100

99 19 308
99 23 368
98 12 334
97 6 353
97 29 309
96 23 341
96 28 329
95 22 326
95 15 355
95 29 396
94 22 314
94 28 311
94 24 282
94 25 285
91 14 383
91 1 394
89 20 353
88 8 266
87 6 392
86 22 356
86 20 387
85 23 306
84 14 319
83 11 340
82 21 274
82 21 269
82 16 307
81 19 263
81 7 310
79 1 389
78 8 321
78 11 368
76 21 270
76 23 266
76 19 343
76 13 301
73 11 386
72 12 280
71 17 327
71 6 286
70 18 286
70 13 375
70 10 395
69 1 366
69 9 360
69 11 354
69 7 269
69 19 232
68 5 294
68 6 301
67 13 258
66 15 326
65 12 201
64 14 308
61 9 297
61 1 211
61 13 333
61 2 315
60 15 254
60 4 355
59 14 192
59 11 228
58 1 176
57 8 366
57 11 345
55 14 167
54 5 183
54 4 239
48 8 392
45 4 315
45 1 258
44 14 347
44 10 322
43 10 187
42 10 261
42 11 134
42 3 367
42 11 249
41 4 319
41 5 315
39 5 150
38 7 215
37 6 210
37 11 383
36 7 393
36 5 257
35 10 296
35 8 266
35 1 222
35 6 211
34 2 199
34 11 355
34 3 242
33 3 397
33 4 162
32 1 389
31 8 343
31 2 124
31 9 299
30 1 140
