100

100 50 300
100 35 300
99 44 297
99 2 297
99 35 300
97 22 298
96 1 300
95 44 290
95 5 290
93 26 297
93 42 296
93 24 280
91 37 277
89 41 293
89 26 285
89 15 270
88 26 284
87 35 282
87 14 288
86 8 287
85 27 288
85 9 267
84 24 268
83 34 295
81 15 299
80 24 286
80 22 295
79 13 258
79 7 293
78 3 284
78 24 275
78 30 295
77 28 293
75 17 294
75 18 274
73 3 276
73 31 258
73 35 230
72 16 294
71 19 299
71 27 262
70 14 234
70 12 243
69 5 260
66 3 285
65 13 219
65 9 196
63 12 243
60 19 272
60 20 277
59 22 254
59 27 240
58 23 220
58 24 291
57 25 272
57 1 206
55 16 287
55 17 262
55 23 208
55 4 209
54 12 256
54 11 175
53 7 267
53 19 165
52 1 159
51 2 199
50 19 172
50 14 185
49 20 261
49 3 198
49 1 186
48 5 164
45 20 221
45 23 155
45 9 139
45 23 177
44 12 257
44 16 214
43 4 144
43 14 240
41 17 207
41 13 239
40 9 160
40 15 180
40 18 186
36 9 184
36 9 222
35 13 289
34 16 132
34 2 264
33 2 159
33 2 191
33 11 192
33 9 175
33 2 151
32 10 165
32 4 130
32 6 145
32 11 152
30 15 254
