100

100 10 300
100 11 300
99 10 298
98 12 297
98 14 295
97 16 292
97 7 300
96 25 300
95 22 299
95 28 286
94 29 295
94 3 292
94 3 291
93 14 297
92 10 291
89 13 271
89 10 287
88 7 293
88 10 272
88 9 272
88 15 286
87 13 290
86 21 277
85 21 257
84 25 299
84 17 254
82 23 286
81 23 269
81 17 247
80 4 272
79 16 272
78 7 281
77 12 254
77 6 234
76 3 271
76 4 236
76 14 254
76 19 229
74 8 281
74 22 243
74 23 233
73 16 275
72 9 243
72 5 267
72 20 259
71 10 272
71 16 228
71 12 224
69 18 231
69 13 243
68 17 266
68 1 223
68 13 219
68 2 291
67 14 279
67 18 212
66 8 212
66 8 279
65 19 235
65 6 228
64 12 286
64 4 266
62 16 216
61 4 227
58 8 268
57 8 205
57 1 183
57 7 257
56 2 253
55 4 195
54 9 209
54 15 281
54 3 294
53 15 275
53 8 166
52 1 290
52 2 202
52 5 176
52 6 284
51 11 202
51 5 295
50 10 225
49 10 169
49 7 182
48 9 230
47 13 198
46 10 207
45 11 250
45 10 160
40 1 163
40 3 267
39 9 153
37 1 274
37 12 281
35 4 218
34 9 232
34 5 253
33 8 160
33 8 146
30 2 164
