100

100 14 217
100 2 192
100 26 197
99 46 367
99 8 499
98 44 243
96 8 215
95 48 334
95 10 420
94 22 216
93 22 355
93 29 485
92 42 428
90 31 185
90 44 194
89 2 454
86 13 492
86 4 189
85 27 273
85 20 374
84 41 341
83 14 342
82 12 347
82 12 256
82 35 180
81 1 442
80 37 394
79 30 244
77 33 312
77 33 389
77 30 370
76 13 299
75 24 218
75 24 500
75 35 427
74 14 203
73 4 326
71 3 428
71 3 465
69 27 348
68 5 446
67 15 325
67 25 396
67 25 241
65 25 323
63 9 434
63 18 346
60 8 496
57 8 420
56 11 334
56 13 395
55 26 231
55 14 183
54 17 458
54 14 311
54 22 495
53 26 262
53 17 305
51 24 343
51 14 384
47 20 421
46 2 245
46 20 235
45 12 233
45 23 315
45 2 368
44 15 261
44 7 327
44 8 384
44 17 222
43 19 222
41 9 376
40 11 284
40 9 303
39 5 206
39 15 243
39 3 313
39 12 326
38 14 356
36 18 497
36 14 232
34 10 337
33 7 240
33 9 184
32 3 301
32 9 441
31 10 455
30 8 358
29 15 435
28 14 180
26 2 283
25 5 272
24 4 497
24 12 411
23 9 204
22 1 320
22 2 357
22 10 299
21 4 208
20 10 309
