100

100 6 300
100 13 300
100 13 300
99 16 299
99 20 297
99 13 298
99 24 297
98 19 297
97 10 292
96 9 289
95 24 291
94 10 284
94 26 290
91 24 280
90 10 274
90 7 274
90 18 290
89 18 282
89 13 300
89 13 282
88 15 290
88 22 266
87 24 272
87 3 268
86 19 286
85 16 263
85 5 285
85 17 291
84 21 294
82 12 288
81 21 268
80 5 295
80 23 246
79 9 277
79 10 296
77 18 240
76 8 294
74 1 223
73 5 293
71 19 262
70 7 239
69 21 252
68 5 261
68 13 240
67 15 207
67 7 292
66 11 239
65 2 274
65 20 280
65 6 295
62 1 191
62 19 210
62 7 298
59 15 285
59 14 187
59 3 205
57 10 272
57 15 229
55 5 218
55 15 192
54 15 280
51 9 286
50 15 299
49 1 239
47 2 298
47 3 143
46 3 189
45 3 214
45 10 205
43 1 298
42 11 242
41 1 171
41 2 240
41 2 159
39 4 278
38 8 287
37 4 115
35 9 153
35 10 215
34 2 246
34 3 114
34 6 239
33 3 226
32 4 167
31 7 111
30 3 263
29 3 263
29 3 146
27 6 119
26 4 235
26 2 142
25 5 235
24 1 243
24 3 96
24 8 160
21 4 193
21 7 142
21 3 139
20 1 182
20 2 109
