100

100 50 294
100 18 224
99 35 285
99 11 245
99 29 161
97 5 150
96 8 176
95 43 142
95 3 168
93 9 166
93 29 166
93 42 142
91 10 296
89 26 201
89 29 183
89 11 234
88 33 293
87 32 231
87 6 271
86 26 248
85 11 154
85 43 189
84 38 227
83 37 247
81 8 164
80 30 182
80 17 206
79 39 181
79 10 298
78 6 184
78 1 180
78 19 214
77 9 181
75 21 259
75 9 183
73 25 299
73 1 196
73 21 241
72 34 295
71 30 278
71 20 172
70 9 171
70 24 198
69 2 299
66 6 227
65 30 172
65 30 208
63 29 258
60 2 215
60 23 230
59 9 220
59 15 215
58 5 143
58 20 264
57 17 279
57 27 297
55 8 213
55 5 155
55 28 173
55 2 202
54 6 189
54 6 276
53 14 271
53 12 160
52 12 288
51 2 231
50 24 186
50 12 172
49 4 200
49 6 288
49 19 161
48 3 196
45 5 201
45 21 167
45 14 264
45 4 146
44 16 233
44 16 208
43 1 171
43 15 200
41 19 142
41 3 188
40 3 151
40 16 148
40 10 218
36 4 163
36 1 196
35 8 257
34 3 287
34 10 283
33 7 288
33 3 235
33 6 295
33 1 213
33 8 229
32 11 172
32 8 223
32 16 277
32 13 245
30 13 189
