100

100 19 217
100 3 192
100 25 197
99 17 367
99 2 499
98 16 243
96 10 215
95 1 334
95 20 420
94 13 216
93 10 355
93 15 485
92 8 428
90 5 185
90 7 194
89 22 454
86 1 492
86 7 189
85 4 273
85 8 374
84 2 341
83 14 342
82 19 347
82 20 256
82 3 180
81 3 442
80 11 394
79 1 244
77 7 312
77 10 389
77 17 370
76 1 299
75 11 218
75 11 500
75 14 427
74 20 203
73 7 326
71 16 428
71 18 465
69 13 348
68 21 446
67 17 325
67 15 396
67 19 241
65 1 323
63 18 434
63 17 346
60 14 496
57 13 420
56 10 334
56 1 395
55 10 231
55 1 183
54 6 458
54 11 311
54 15 495
53 14 262
53 7 305
51 16 343
51 2 384
47 10 421
46 10 245
46 7 235
45 13 233
45 14 315
45 8 368
44 8 261
44 5 327
44 8 384
44 8 222
43 7 222
41 6 376
40 5 284
40 5 303
39 8 206
39 12 243
39 12 313
39 12 326
38 3 356
36 11 497
36 10 232
34 1 337
33 4 240
33 10 184
32 2 301
32 8 441
31 1 455
30 9 358
29 3 435
28 8 180
26 6 283
25 1 272
24 8 497
24 2 411
23 7 204
22 5 320
22 1 357
22 4 299
21 3 208
20 5 309
