100

99 15 297
98 21 294
96 29 288
93 9 299
93 4 296
92 5 300
90 3 281
89 17 277
89 16 295
89 16 294
88 12 266
88 6 269
87 14 291
86 14 281
84 20 257
84 6 278
81 21 274
80 9 281
80 16 281
80 11 284
80 12 256
78 9 256
78 6 294
77 23 298
75 22 282
73 14 293
72 14 245
70 6 290
69 14 277
68 10 263
65 18 292
65 5 288
64 18 291
63 17 262
63 15 267
63 17 242
62 6 201
61 17 292
60 18 299
58 2 244
58 8 208
58 8 220
57 13 244
56 6 280
54 10 193
52 4 158
51 7 224
49 2 264
49 3 271
46 7 239
45 14 220
45 13 195
44 10 288
44 2 264
42 7 173
42 11 283
41 13 250
41 10 179
38 1 174
38 6 240
37 3 129
36 4 255
36 3 117
34 10 106
34 5 164
31 2 123
30 2 139
30 7 246
28 1 156
27 3 136
26 5 106
25 6 192
24 4 100
24 5 78
24 8 130
23 6 240
22 6 180
21 5 85
21 5 217
18 6 171
17 3 215
17 1 106
16 1 132
14 4 136
13 1 143
12 4 192
12 1 285
11 2 73
10 2 251
10 3 111
9 2 152
8 1 151
6 2 125
5 2 88
5 2 111
4 2 61
4 2 81
3 1 88
2 1 235
1 1 119
