100

100 21 311
100 15 345
100 22 307
99 2 302
99 2 381
99 20 354
99 15 354
98 20 313
97 7 400
96 6 396
95 21 309
94 29 349
94 20 361
91 2 371
90 25 330
90 18 301
90 17 362
89 3 372
89 24 371
89 1 368
88 10 355
88 7 279
87 10 263
87 8 350
86 25 326
85 21 264
85 18 386
85 12 398
84 3 394
82 24 269
81 23 243
80 20 352
80 18 332
79 23 300
79 16 261
77 8 302
76 6 364
74 22 365
73 8 282
71 20 231
70 13 344
69 7 394
68 19 294
68 21 296
67 9 379
67 11 290
66 14 368
65 11 209
65 4 271
65 6 206
62 19 289
62 17 212
62 9 282
59 2 328
59 9 277
59 18 225
57 5 210
57 5 202
55 14 221
55 12 320
54 11 261
51 8 231
50 9 202
49 11 241
47 15 216
47 7 318
46 1 208
45 12 193
45 1 135
43 5 206
42 7 176
41 6 248
41 5 313
41 12 385
39 10 302
38 11 287
37 6 327
35 7 303
35 7 206
34 11 241
34 2 343
34 11 106
33 3 214
32 2 235
31 3 250
30 8 130
29 1 226
29 9 346
27 7 110
26 8 104
26 3 120
25 3 188
24 7 180
24 1 325
24 1 207
21 5 245
21 7 101
21 2 160
20 1 269
20 3 368
