100

98 49 294
97 22 291
94 25 282
92 42 298
91 23 294
91 1 300
90 10 281
89 4 277
86 7 294
85 1 291
84 20 255
83 33 256
82 36 288
81 18 274
78 33 241
76 27 267
75 12 266
73 8 274
73 25 274
72 10 277
72 10 239
71 13 242
70 21 291
70 19 297
69 26 278
69 17 292
66 5 233
64 4 288
60 9 270
60 30 254
59 6 291
58 22 286
57 13 290
56 24 254
55 15 260
54 8 228
53 24 178
52 7 290
52 22 299
51 18 235
50 23 190
49 19 203
49 7 234
48 23 276
47 9 177
47 9 143
45 3 215
43 11 260
43 8 267
43 12 236
42 18 216
42 18 190
42 19 287
42 21 263
40 6 168
39 13 282
39 6 248
36 14 169
35 11 168
34 15 236
34 3 121
34 6 253
33 3 108
32 14 100
30 10 156
30 15 121
30 4 139
29 3 246
29 6 158
28 6 139
25 2 103
23 6 189
22 5 95
22 1 73
22 11 125
22 7 240
22 2 180
20 3 82
20 6 216
19 1 173
19 2 217
18 1 108
16 8 132
16 2 140
16 6 148
15 6 196
15 3 285
15 3 84
13 5 252
12 6 115
12 1 156
10 5 154
9 1 130
8 3 95
6 1 113
5 2 63
4 2 81
4 1 90
2 1 235
2 1 121
