100

100 6 294
99 1 224
97 3 266
96 11 275
96 6 141
96 29 194
94 23 142
94 16 141
94 12 187
93 17 224
93 20 271
93 20 245
92 24 165
91 3 283
90 25 221
90 20 199
90 10 294
89 20 199
89 27 211
88 17 176
88 26 263
83 11 259
83 16 292
82 13 253
82 5 179
81 4 187
80 21 270
80 7 166
80 23 256
79 21 295
79 20 272
79 9 294
79 11 276
78 18 201
78 24 185
78 18 196
76 22 147
74 7 172
74 17 188
73 16 208
73 6 284
71 4 169
70 20 263
69 15 191
69 2 197
68 7 252
67 1 276
67 1 202
66 14 144
65 8 193
64 2 296
63 9 183
63 2 183
63 3 241
62 1 271
59 7 257
58 17 154
58 7 160
57 11 150
56 10 293
56 4 179
56 9 141
56 11 271
53 2 260
53 8 144
53 6 234
52 4 163
51 5 151
51 3 157
50 3 177
49 4 148
48 9 210
48 3 199
48 5 279
47 6 297
46 9 155
46 6 177
45 2 149
43 9 228
42 5 141
41 10 263
41 7 190
39 2 148
39 1 275
39 7 209
38 10 248
38 5 161
38 4 216
38 12 251
38 5 167
37 2 256
37 2 238
37 12 275
36 11 232
36 6 155
33 3 288
32 4 241
32 10 263
31 8 201
31 9 273
