100

100 1 311
99 44 350
99 14 302
98 21 380
98 33 352
96 10 350
96 2 308
93 47 400
89 39 395
84 34 284
84 39 336
83 4 350
83 37 366
82 14 317
81 32 281
80 18 353
79 17 365
79 7 364
79 36 361
79 22 346
78 3 252
77 36 233
76 30 338
75 5 309
74 9 234
71 13 382
71 24 397
70 33 392
69 35 236
69 23 208
68 11 341
67 17 315
67 5 278
66 25 228
62 25 276
56 19 351
55 9 353
54 4 245
53 21 182
51 15 327
50 10 392
50 11 264
50 12 268
49 14 373
48 5 258
48 3 359
47 21 159
45 2 233
45 8 149
45 18 263
42 16 159
42 5 249
42 15 311
41 13 247
41 5 182
40 8 168
40 15 158
39 16 184
38 8 302
37 2 231
36 1 201
36 17 168
34 10 213
34 6 188
33 16 305
32 16 177
32 3 163
31 13 93
29 3 176
28 8 142
28 4 226
28 11 300
26 2 382
24 9 287
24 3 270
22 7 315
22 11 291
22 1 180
21 2 220
18 4 334
18 8 58
17 8 184
17 6 210
15 6 226
14 2 88
14 6 201
12 3 338
12 5 70
11 1 63
10 4 79
10 2 158
9 2 149
8 3 314
7 1 177
7 1 226
5 2 59
3 2 121
3 2 249
2 1 363
2 1 276
