100

100 37 300
99 6 298
97 32 291
96 9 295
96 30 292
96 30 288
94 22 293
94 19 283
94 8 294
93 39 295
93 25 297
93 41 298
92 5 284
91 38 279
90 11 280
90 16 291
90 21 282
89 11 288
89 24 272
88 19 279
88 18 291
83 2 259
83 7 281
82 16 260
82 36 278
81 10 259
80 13 255
80 8 259
80 32 285
79 25 264
79 40 250
79 34 273
79 5 260
78 22 296
78 30 253
78 6 278
76 25 290
74 34 241
74 18 279
73 33 299
73 37 251
71 28 288
70 12 217
69 28 274
69 35 218
68 29 221
67 28 255
67 31 219
66 21 248
65 2 298
64 2 286
63 26 300
63 21 259
63 10 249
62 20 186
59 24 231
58 15 226
58 14 268
57 13 190
56 24 268
56 8 256
56 22 294
56 12 191
53 10 221
53 21 215
53 1 174
52 22 265
51 4 254
51 4 167
50 2 251
49 8 221
48 19 219
48 10 299
48 9 168
47 16 170
46 13 297
46 1 172
45 1 277
43 9 168
42 16 176
41 12 177
41 7 145
39 9 277
39 13 135
39 10 223
38 17 176
38 9 195
38 19 119
38 15 231
38 13 227
37 7 222
37 18 286
37 14 143
36 17 189
36 11 261
33 6 234
32 10 235
32 1 204
31 16 278
31 5 199
