100

99 37 308
96 44 365
96 9 331
94 35 349
94 35 302
93 21 336
93 8 323
90 21 317
90 2 349
88 20 395
88 17 301
88 13 297
87 28 261
87 5 265
86 25 381
85 38 393
84 41 347
84 35 255
84 16 392
83 41 353
83 4 387
83 20 302
82 22 316
81 25 338
81 20 272
80 23 264
80 4 303
77 19 253
75 29 299
75 18 388
75 20 317
74 11 366
73 17 263
69 23 250
69 8 336
67 28 286
67 20 385
66 15 268
66 27 321
65 33 275
65 3 277
64 26 372
64 6 394
63 25 363
63 18 356
63 18 350
59 18 248
58 9 203
56 3 274
55 21 281
54 9 230
54 11 312
53 10 166
53 22 293
52 16 284
50 6 183
50 20 322
50 25 302
48 7 231
48 21 348
47 3 159
47 21 200
45 23 137
43 7 360
42 11 334
42 12 128
42 9 151
41 14 213
41 21 391
41 6 311
40 5 250
39 19 344
38 10 317
38 8 175
34 5 249
34 16 110
32 11 363
32 5 232
32 2 311
31 1 306
31 1 129
30 10 199
30 11 196
29 8 382
27 12 392
26 12 243
26 6 287
26 6 254
26 9 206
25 2 192
25 1 181
25 12 351
24 4 226
23 10 396
22 11 136
22 1 388
22 8 338
21 1 97
21 1 289
20 2 115
