100

99 46 308
97 38 366
95 43 329
95 7 350
94 21 302
92 38 334
91 39 320
89 30 315
86 1 344
86 39 395
85 27 295
84 34 288
80 9 240
80 19 245
80 29 378
80 9 392
80 30 343
79 23 240
76 28 390
76 9 346
75 26 384
74 3 284
73 30 301
71 7 326
71 26 247
69 3 236
65 28 276
64 17 219
64 12 280
64 4 386
63 25 300
63 8 360
62 24 238
60 17 229
59 18 326
58 11 270
57 9 382
54 26 245
53 1 306
52 23 252
51 3 252
50 13 366
48 4 393
48 17 355
48 17 347
46 17 338
44 10 217
43 11 164
43 18 253
43 14 263
43 8 207
42 17 299
41 4 131
40 9 276
40 20 267
39 10 154
38 5 311
38 7 288
38 17 211
38 7 342
37 4 131
37 13 177
37 11 113
37 9 357
36 9 330
35 9 108
34 8 129
33 10 196
32 13 390
30 10 301
29 1 232
28 7 338
26 9 306
26 9 147
26 10 236
24 12 81
23 8 360
22 2 216
21 2 301
21 1 297
19 1 97
18 2 176
17 6 170
16 2 380
16 6 391
15 5 227
14 2 274
13 7 236
12 1 181
12 6 167
11 3 153
9 4 344
9 1 202
8 3 396
8 2 103
7 1 387
6 3 329
6 1 57
5 1 273
1 1 67
