100

100 5 187
100 4 240
99 25 474
98 20 447
98 29 201
97 20 284
97 18 237
96 12 351
95 11 306
95 23 231
94 13 325
94 4 340
94 28 334
93 26 473
92 9 200
89 26 428
89 16 447
88 10 361
88 2 317
88 7 305
88 25 353
87 24 410
86 10 424
85 10 378
84 21 220
84 19 255
82 13 493
81 11 193
81 25 193
80 21 448
79 11 388
78 14 344
77 16 334
77 12 191
76 6 303
76 11 301
76 17 300
76 5 378
74 13 390
74 20 200
74 22 207
73 13 321
72 4 183
72 10 329
72 1 478
71 12 206
71 12 337
71 14 346
69 5 394
69 8 440
68 18 240
68 21 368
68 7 187
68 10 405
67 10 442
67 14 295
66 11 307
66 11 251
65 6 213
65 13 497
64 19 398
64 5 441
62 19 441
61 19 434
58 7 297
57 15 304
57 16 196
57 13 286
56 3 375
55 3 479
54 14 186
54 14 228
54 9 408
53 8 321
53 9 466
52 2 384
52 6 277
52 3 419
52 8 379
51 8 329
51 4 277
50 5 301
49 3 458
49 10 260
48 8 471
47 11 221
46 12 379
45 10 449
45 10 449
40 2 234
40 12 446
39 10 255
37 1 468
37 11 281
35 1 364
34 2 446
34 1 299
33 2 426
33 7 364
30 4 376
