100

98 14 157
97 11 218
94 9 160
92 7 240
91 6 170
91 5 274
90 7 153
89 3 227
86 2 240
85 15 254
84 13 217
83 4 140
82 8 258
81 22 279
78 24 185
76 4 273
75 17 195
73 22 155
73 12 220
72 2 180
72 10 296
71 1 295
70 10 142
70 14 177
69 1 298
69 2 244
66 6 288
64 14 201
60 18 210
60 18 275
59 9 271
58 11 300
57 6 264
56 13 157
55 13 165
54 4 199
53 15 258
52 1 159
52 1 140
51 1 267
50 7 215
49 11 168
49 11 175
48 13 300
47 13 249
47 11 282
45 12 279
43 6 197
43 8 279
43 10 270
42 4 161
42 12 283
42 4 280
42 11 171
40 11 154
39 11 234
39 6 169
36 1 184
35 2 234
34 5 207
34 5 159
34 4 204
33 5 270
32 3 144
30 7 164
30 9 256
30 9 268
29 3 212
29 3 260
28 9 285
25 8 248
23 7 149
22 4 289
22 3 144
22 1 270
22 7 284
22 6 151
20 1 242
20 4 249
19 4 209
19 5 192
18 5 255
16 3 248
16 3 226
16 1 238
15 2 264
15 4 235
15 4 213
13 2 150
12 2 267
12 1 188
10 3 280
9 2 197
8 1 167
6 2 234
5 1 283
4 2 239
4 1 171
2 1 149
2 1 171
