100

99 7 308
97 25 366
95 20 329
95 29 350
94 26 302
92 25 334
91 9 320
89 6 315
86 5 344
86 12 395
85 7 295
84 3 288
80 2 240
80 1 245
80 21 378
80 12 392
80 6 343
79 6 240
76 12 390
76 15 346
75 4 384
74 20 284
73 17 301
71 21 326
71 4 247
69 17 236
65 9 276
64 6 219
64 8 280
64 6 386
63 3 300
63 9 360
62 18 238
60 3 229
59 17 326
58 15 270
57 11 382
54 12 245
53 3 306
52 15 252
51 3 252
50 4 366
48 8 393
48 2 355
48 1 347
46 8 338
44 8 217
43 11 164
43 1 253
43 12 263
43 12 207
42 8 299
41 12 131
40 9 276
40 2 267
39 4 154
38 11 311
38 6 288
38 5 211
38 9 342
37 1 131
37 3 177
37 2 113
37 2 357
36 1 330
35 4 108
34 6 129
33 2 196
32 5 390
30 2 301
29 8 232
28 5 338
26 2 306
26 3 147
26 8 236
24 5 81
23 7 360
22 6 216
21 1 301
21 3 297
19 5 97
18 1 176
17 3 170
16 1 380
16 4 391
15 1 227
14 3 274
13 2 236
12 3 181
12 4 167
11 3 153
9 3 344
9 3 202
8 1 396
8 2 103
7 1 387
6 1 329
6 1 57
5 2 273
1 1 67
