100

99 27 297
97 11 291
97 14 291
96 23 299
96 17 298
94 19 300
93 21 287
93 13 286
92 27 297
92 27 296
91 17 274
90 8 274
90 5 293
90 14 286
88 27 268
87 9 282
87 8 282
86 13 287
86 2 287
86 22 289
85 25 267
85 12 270
85 23 296
85 24 299
84 21 289
84 5 296
83 2 266
83 18 295
82 18 287
82 15 279
81 19 296
81 12 294
81 1 296
79 1 278
79 18 282
78 4 266
77 2 240
76 10 295
76 11 299
76 12 268
76 4 247
76 8 254
74 23 266
74 19 288
73 10 237
71 15 214
71 21 255
70 6 279
70 9 283
69 4 265
69 15 255
67 1 237
67 6 293
66 10 278
65 16 223
65 4 290
65 2 270
63 8 224
62 3 223
62 11 263
61 11 194
60 15 272
60 1 185
60 12 182
59 12 216
59 13 195
58 13 203
57 17 267
56 10 212
56 2 201
55 13 182
55 9 235
54 13 179
53 10 163
52 7 192
51 4 262
50 15 223
50 1 164
48 13 245
48 13 218
43 10 241
40 9 160
38 1 176
38 6 182
38 8 188
37 9 223
35 11 289
35 3 134
35 5 264
35 6 163
34 9 192
33 9 192
33 1 175
32 3 148
32 5 165
31 9 128
31 10 143
31 2 149
31 10 254
30 2 172
