100

99 11 157
98 26 219
96 37 160
93 3 241
93 47 171
92 1 274
90 37 154
89 45 228
89 37 241
89 26 255
88 31 218
88 13 141
87 18 258
86 35 279
84 33 186
84 32 273
81 32 195
80 25 156
80 39 220
80 28 181
80 34 296
78 25 295
78 39 143
77 27 178
75 31 298
73 24 244
72 18 289
70 30 202
69 11 211
68 31 275
65 16 271
65 4 300
64 22 264
63 9 158
63 3 166
63 3 200
62 27 258
61 8 160
60 3 141
58 10 267
58 4 215
58 1 168
57 3 176
56 22 300
54 4 249
52 19 283
51 12 279
49 14 198
49 2 279
46 12 271
45 19 162
45 18 284
44 2 280
44 15 172
42 7 155
42 16 235
41 3 170
41 18 185
38 8 235
38 6 208
37 2 160
36 6 204
36 13 270
34 15 145
34 9 165
31 10 257
30 1 268
30 5 213
28 6 260
27 11 285
26 13 248
25 1 149
24 3 289
24 9 145
24 4 270
23 7 284
22 3 152
21 11 242
21 6 249
18 2 210
17 3 193
17 5 255
16 7 248
14 7 227
13 3 238
12 2 264
12 6 235
11 1 214
10 3 151
10 4 267
9 3 188
8 1 280
6 3 198
5 2 168
5 2 234
4 2 283
4 1 239
3 1 172
2 1 150
1 1 172
