100

98 7 196
97 6 372
94 19 190
92 1 384
91 18 369
91 7 285
90 22 305
89 7 306
86 1 459
85 9 471
84 2 252
83 10 254
82 1 187
81 3 426
78 4 248
76 4 275
75 20 342
73 18 411
73 13 467
72 18 296
72 21 356
71 5 466
70 16 449
70 1 429
69 15 484
69 6 248
66 11 384
64 16 428
60 18 374
60 5 296
59 13 305
58 7 193
57 3 473
56 14 276
55 2 462
54 11 342
53 12 194
52 6 397
52 15 396
51 16 253
50 15 431
49 4 232
49 2 449
48 14 267
47 10 256
47 13 311
45 1 451
43 6 207
43 3 209
43 3 493
42 12 283
42 9 404
42 12 326
42 12 332
40 9 321
39 10 212
39 7 307
36 3 455
35 6 362
34 9 428
34 9 500
34 9 206
33 7 268
32 8 441
30 1 335
30 3 246
30 8 385
29 9 330
29 6 288
28 5 251
25 6 264
23 7 239
22 3 294
22 2 429
22 1 390
22 6 487
22 1 260
20 1 330
20 5 217
19 3 347
19 5 274
18 1 190
16 5 486
16 4 296
16 2 205
15 1 443
15 4 244
15 2 386
13 3 265
12 4 444
12 3 272
10 2 277
9 2 448
8 2 213
6 1 194
5 2 399
4 1 255
4 2 380
2 1 327
2 1 293
