100

98 12 305
96 12 365
95 18 329
95 9 350
94 28 302
94 1 337
92 17 322
91 28 318
89 10 348
88 22 395
86 24 297
85 20 290
84 26 252
84 12 256
83 23 379
83 20 393
82 6 345
82 25 249
81 6 391
80 4 350
80 11 386
79 5 294
77 7 308
77 12 333
77 11 262
75 5 251
75 11 294
75 8 247
75 11 299
75 4 388
72 8 312
71 13 364
70 15 257
69 5 250
68 19 335
68 18 287
66 3 384
66 7 268
66 3 321
66 11 277
64 12 275
64 20 372
64 3 394
64 11 364
63 18 356
62 4 349
62 2 254
61 8 211
59 16 279
58 12 286
58 7 239
58 5 317
57 1 177
56 9 297
56 16 290
56 4 198
56 12 328
55 15 308
55 2 244
54 11 351
54 8 178
53 14 214
51 4 155
51 16 363
51 10 341
50 13 152
50 10 173
49 7 229
49 1 392
49 5 319
48 2 263
48 9 350
48 5 325
45 6 191
45 1 265
44 4 140
43 5 367
41 5 247
40 11 318
40 2 314
36 2 142
34 11 207
33 2 202
32 5 383
32 5 392
32 2 251
29 5 290
27 7 255
27 8 208
27 7 196
27 4 185
25 2 351
25 2 227
25 7 396
24 1 141
23 2 388
23 7 338
21 5 97
21 7 289
20 4 115
