100

99 28 157
97 26 219
95 28 160
95 5 241
94 29 171
92 16 274
91 28 154
89 3 228
86 7 241
86 16 255
85 1 218
84 8 141
80 18 258
80 10 279
80 8 186
80 17 273
80 18 195
79 24 156
76 15 220
76 22 181
75 3 296
74 22 295
73 17 143
71 18 178
71 9 298
69 5 244
65 7 289
64 19 202
64 17 211
64 10 275
63 12 271
63 19 300
62 9 264
60 4 158
59 4 166
58 7 200
57 15 258
54 11 160
53 8 141
52 11 267
51 7 215
50 9 168
48 4 176
48 15 300
48 6 249
46 1 283
44 11 279
43 12 198
43 10 279
43 1 271
43 11 162
42 12 284
41 3 280
40 7 172
40 2 155
39 8 235
38 12 170
38 10 185
38 4 235
38 10 208
37 7 160
37 7 204
37 6 270
37 1 145
36 1 165
35 11 257
34 6 268
33 2 213
32 10 260
30 4 285
29 4 248
28 9 149
26 4 289
26 1 145
26 6 270
24 3 284
23 6 152
22 1 242
21 4 249
21 7 210
19 4 193
18 4 255
17 6 248
16 3 227
16 5 238
15 1 264
14 4 235
13 1 214
12 3 151
12 4 267
11 3 188
9 3 280
9 1 198
8 1 168
8 3 234
7 3 283
6 2 239
6 1 172
5 2 150
1 1 172
