100

99 6 297
99 19 298
98 1 297
97 14 292
97 3 292
96 4 288
96 19 291
95 9 293
95 20 285
95 10 299
94 13 290
94 26 297
94 2 293
94 4 285
91 3 298
91 14 277
89 3 293
88 12 290
87 8 290
86 20 283
86 21 268
85 14 287
84 12 265
83 9 273
82 8 293
82 2 275
82 19 262
81 15 273
81 20 245
79 6 299
78 10 282
78 2 295
76 17 229
76 20 235
76 7 239
76 10 251
73 11 298
72 15 294
71 4 218
71 5 272
70 19 217
70 21 288
70 7 240
69 7 228
69 19 276
69 15 298
69 21 292
69 10 234
68 15 216
68 14 300
67 9 210
66 13 245
65 14 285
64 5 266
61 4 300
61 11 242
61 13 204
61 3 185
60 10 249
60 12 231
59 16 204
59 8 192
58 4 255
57 9 181
57 10 235
55 11 200
54 1 165
54 12 181
48 6 269
45 2 198
45 11 193
44 11 291
44 1 193
43 3 144
42 4 189
42 4 146
42 8 155
42 1 171
41 2 172
41 7 296
39 6 255
38 3 281
37 1 187
37 7 133
36 7 211
36 8 231
35 2 181
35 10 246
35 2 212
35 7 279
34 11 173
34 2 188
34 11 243
33 9 228
33 6 176
32 1 186
31 5 97
31 5 100
31 1 218
30 8 138
