100

100 7 311
100 30 345
99 10 368
98 24 334
98 24 354
97 20 309
97 15 342
96 8 329
95 21 326
95 10 355
94 26 396
94 12 314
94 10 311
93 25 279
92 11 280
89 13 382
89 21 394
88 21 352
88 26 266
88 17 392
88 25 357
87 12 388
86 22 308
85 7 321
84 17 341
84 22 279
82 2 269
81 16 305
81 2 263
80 11 308
79 20 389
78 10 321
77 13 368
77 1 272
76 10 266
76 2 343
76 8 301
76 18 387
74 11 284
74 9 330
74 2 292
73 22 291
72 9 375
72 7 395
72 21 368
71 14 361
71 16 356
71 4 273
69 11 232
69 13 295
68 13 301
68 8 260
68 9 328
68 1 209
67 4 312
67 13 305
66 11 224
66 6 337
65 10 319
65 4 264
64 10 358
64 8 206
62 10 235
61 9 184
58 16 366
57 18 345
57 4 173
57 6 192
56 6 243
55 3 392
54 17 324
54 1 273
54 16 353
53 1 330
53 15 210
52 12 276
52 3 163
52 11 371
52 16 265
51 9 328
51 9 325
50 1 179
49 4 236
49 10 233
48 13 385
47 6 393
46 14 272
45 9 307
45 5 280
40 4 231
40 3 221
39 8 209
37 11 357
37 2 246
35 2 397
34 1 164
34 1 390
33 4 344
33 7 130
30 8 298
