100

100 48 311
100 17 345
99 19 368
99 33 336
99 38 356
97 32 309
96 18 341
95 48 327
95 14 326
93 41 353
93 17 396
93 14 312
91 34 304
89 43 267
89 1 271
89 11 382
88 38 394
87 15 351
87 33 263
86 22 392
85 21 355
85 24 387
84 6 304
83 39 318
81 40 338
80 35 269
80 40 264
79 26 301
79 6 258
78 11 304
78 9 389
78 21 321
77 19 368
75 14 268
75 20 264
73 17 340
73 11 296
73 24 386
72 32 280
71 9 327
71 29 286
70 10 286
70 8 375
69 15 395
66 29 365
65 26 357
65 7 351
63 6 256
60 29 208
60 10 280
59 20 287
59 26 241
58 26 317
58 18 180
57 29 299
57 29 291
55 2 196
55 15 327
55 6 308
55 23 244
54 9 351
54 10 178
53 18 214
53 18 161
52 11 364
51 18 341
50 18 152
50 25 173
49 11 229
49 6 392
49 10 319
48 9 263
45 15 348
45 14 323
45 20 191
45 10 265
44 5 140
44 7 368
43 15 251
43 19 321
41 11 315
41 4 156
40 2 219
40 20 216
40 14 384
36 2 393
36 16 257
35 17 296
34 13 265
34 17 221
33 14 207
33 14 197
33 16 355
33 2 240
33 13 397
32 15 160
32 7 389
32 14 343
32 1 127
30 11 298
