100

100 2 294
100 8 224
99 11 285
99 2 245
99 10 161
97 8 150
96 4 176
95 28 142
95 12 168
93 8 166
93 13 166
93 12 142
91 26 296
89 1 201
89 5 183
89 5 234
88 22 293
87 8 231
87 11 271
86 6 248
85 10 154
85 2 189
84 22 227
83 4 247
81 11 164
80 6 182
80 4 206
79 1 181
79 22 298
78 12 184
78 1 180
78 14 214
77 21 181
75 4 259
75 13 183
73 6 299
73 12 196
73 6 241
72 20 295
71 3 278
71 9 172
70 15 171
70 1 198
69 19 299
66 16 227
65 17 172
65 19 208
63 16 258
60 4 215
60 2 230
59 3 220
59 4 215
58 6 143
58 11 264
57 3 279
57 1 297
55 8 213
55 15 155
55 2 173
55 14 202
54 17 189
54 11 276
53 12 271
53 16 160
52 5 288
51 9 231
50 7 186
50 5 172
49 8 200
49 9 288
49 15 161
48 2 196
45 12 201
45 6 167
45 7 264
45 14 146
44 1 233
44 12 208
43 2 171
43 2 200
41 12 142
41 4 188
40 7 151
40 8 148
40 10 218
36 5 163
36 3 196
35 11 257
34 7 287
34 2 283
33 5 288
33 10 235
33 7 295
33 3 213
33 6 229
32 2 172
32 5 223
32 9 277
32 4 245
30 8 189
