100

98 3 305
97 15 366
94 3 327
92 2 346
91 5 295
91 24 333
90 13 318
89 5 315
86 15 344
85 16 395
84 5 293
83 18 286
82 7 246
81 13 248
78 23 377
76 10 392
75 1 338
73 3 222
73 2 390
72 4 342
72 18 384
71 22 279
70 21 296
70 3 325
69 17 242
69 7 236
66 4 278
64 17 219
60 8 273
60 9 385
59 16 294
58 2 357
57 7 227
56 12 220
55 2 322
54 3 263
53 7 381
52 6 241
52 8 305
51 5 250
50 8 250
49 11 366
49 8 393
48 11 355
47 7 346
47 8 339
45 9 220
43 12 164
43 8 253
43 8 263
42 1 205
42 3 299
42 8 134
42 13 279
40 6 267
39 9 154
39 5 312
36 7 285
35 3 205
34 10 339
34 7 123
34 2 170
33 1 101
32 9 355
30 9 326
30 2 93
30 3 118
29 7 188
29 1 390
28 2 299
25 5 226
23 2 335
22 6 303
22 1 137
22 4 230
22 3 76
22 2 360
20 2 213
20 4 300
19 6 295
19 1 97
18 2 176
16 5 168
16 4 380
16 2 391
15 2 227
15 1 275
15 5 239
13 1 183
12 3 167
12 3 155
10 2 345
9 3 202
8 2 396
6 1 98
5 2 387
4 2 328
4 2 52
2 1 270
2 1 70
