100

99 18 143
99 6 157
98 20 141
97 1 238
97 25 261
96 15 168
96 17 229
95 14 143
95 26 294
95 18 272
94 18 175
94 26 188
94 29 149
94 29 241
91 6 163
91 10 237
89 20 257
88 20 144
87 3 222
86 12 262
86 18 199
85 10 297
84 19 238
83 17 248
82 2 167
82 22 277
82 18 244
81 25 291
81 5 200
79 7 193
78 11 285
78 11 157
76 18 169
76 11 245
76 8 290
76 15 294
73 8 239
72 1 155
71 1 285
71 19 272
70 17 218
70 15 285
70 5 160
69 13 249
69 9 297
69 5 257
69 15 139
69 21 271
68 7 170
68 13 251
67 20 234
66 1 242
65 13 199
64 9 148
61 11 271
61 10 274
61 11 165
61 2 200
60 5 180
60 1 232
59 7 170
59 1 142
58 14 238
57 9 173
57 3 210
55 14 197
54 13 233
54 16 251
48 5 239
45 9 265
45 3 247
44 11 259
44 7 287
43 12 177
42 5 157
42 4 239
42 11 263
42 7 265
41 9 250
41 11 251
39 9 278
38 9 151
37 10 232
37 12 160
36 3 152
36 3 247
35 11 145
35 1 177
35 10 159
35 8 242
34 9 271
34 7 185
34 8 159
33 9 200
33 3 191
32 5 234
31 5 254
31 9 299
31 7 183
30 9 266
