100

100 44 300
99 27 298
99 30 297
98 36 298
96 3 292
95 39 285
95 12 295
95 1 286
93 44 293
93 12 295
92 44 297
92 17 298
92 26 284
91 27 279
90 21 280
89 20 290
89 44 280
89 6 288
87 9 267
87 5 278
87 39 290
85 8 264
84 32 282
81 13 258
81 5 277
80 6 257
79 33 253
77 9 253
74 1 280
74 14 256
74 17 238
73 16 266
73 19 249
72 2 294
71 30 238
70 33 270
70 25 288
66 15 223
66 7 272
65 23 298
65 32 236
65 27 286
64 4 201
63 4 269
63 3 202
63 19 209
63 2 250
63 10 209
61 10 240
57 26 298
56 21 283
54 1 300
52 6 246
52 17 234
51 26 154
49 4 214
48 8 208
46 4 259
44 13 156
44 11 259
44 5 244
42 11 292
40 19 151
40 9 200
40 14 192
38 19 134
38 16 254
35 15 239
34 16 121
31 16 232
31 11 193
31 3 193
30 15 299
27 12 115
27 11 121
25 2 296
25 8 123
24 8 268
21 9 117
21 2 132
21 6 135
18 3 85
17 4 268
17 9 76
16 2 194
16 7 133
16 3 158
15 1 52
15 8 205
11 3 195
11 1 190
9 3 280
9 2 74
9 2 142
8 1 244
5 3 206
5 3 210
5 2 166
3 1 269
1 1 156
