100

100 4 329
99 30 347
96 24 372
94 23 314
93 14 311
92 21 288
92 25 322
91 18 362
91 7 274
91 4 434
89 9 350
88 14 420
86 20 370
86 25 288
86 26 436
85 26 285
84 9 408
84 9 393
84 24 399
81 25 365
81 1 292
80 5 389
79 13 295
79 2 336
78 3 421
77 14 348
77 14 297
77 11 346
77 13 241
73 6 446
71 11 387
69 16 430
67 6 206
66 17 225
65 18 233
65 19 277
64 20 444
64 11 431
64 10 208
62 2 363
60 10 201
57 4 413
57 18 264
56 11 232
56 1 378
56 7 444
56 1 424
53 2 245
52 6 193
51 6 450
51 12 179
50 10 289
50 5 406
48 11 353
47 2 448
46 10 295
45 12 193
44 7 139
43 7 315
42 4 264
41 11 195
41 3 163
40 6 331
40 8 147
39 4 283
39 11 204
38 7 122
37 7 158
36 7 382
36 4 238
36 1 229
34 10 431
33 10 226
31 10 125
31 10 222
29 1 129
29 2 147
26 4 174
25 2 179
22 3 441
22 1 354
22 5 411
20 6 216
17 3 99
11 1 257
11 2 301
10 1 194
9 2 332
7 3 257
7 2 404
7 1 175
7 1 207
6 2 326
5 2 294
3 1 178
2 1 201
2 1 15
1 1 20
1 1 274
1 1 106
