100

100 44 332
99 10 506
99 43 412
98 9 468
97 32 344
97 37 436
97 8 405
96 14 400
96 2 477
95 3 588
95 15 372
95 10 362
94 23 282
93 40 289
93 15 555
93 8 584
92 2 485
91 4 279
89 33 581
88 31 494
87 12 569
86 11 378
84 6 410
84 40 462
83 4 313
83 22 302
82 34 386
81 35 289
81 2 395
81 6 576
78 35 426
78 15 530
75 10 317
74 25 307
73 10 474
72 4 379
72 15 570
71 19 347
70 17 447
68 12 359
67 16 361
66 21 546
65 25 588
64 30 529
63 10 514
63 10 502
62 31 318
60 1 234
60 16 372
59 13 386
59 12 299
58 29 443
57 19 183
56 14 409
56 8 394
55 22 222
54 3 464
51 5 424
49 5 300
49 19 507
48 20 176
47 12 246
47 2 145
46 6 531
45 6 488
45 8 139
45 4 177
45 14 286
44 4 584
44 21 450
44 16 349
44 20 508
43 7 462
41 15 225
41 1 358
40 1 134
39 17 542
39 14 334
39 1 458
37 5 450
37 1 169
37 13 283
35 7 274
35 4 571
34 4 587
32 8 354
31 11 422
31 9 370
30 6 293
28 10 269
26 3 249
25 6 521
24 8 319
24 6 594
23 1 180
23 6 581
22 1 500
21 9 118
20 9 422
20 8 147
