100

100 38 332
99 7 506
98 38 411
96 30 465
96 31 341
96 7 435
96 28 403
96 17 400
96 12 477
94 5 588
93 16 368
93 17 357
92 12 276
92 24 286
92 6 555
91 37 584
91 3 484
91 29 279
90 23 581
87 25 494
84 27 569
83 29 372
83 40 409
79 30 456
78 37 301
78 2 289
77 8 377
77 4 279
76 8 386
76 33 575
75 34 422
75 31 528
75 13 317
73 11 305
73 23 474
73 28 381
72 20 570
72 9 349
72 6 450
72 35 367
72 9 370
71 31 548
71 24 589
70 31 532
70 13 519
66 18 504
66 15 326
65 24 247
64 10 378
63 16 392
59 5 299
58 1 443
57 10 183
56 4 409
56 8 394
55 25 222
55 8 465
54 11 428
53 21 308
53 24 510
52 13 187
51 6 255
49 2 151
47 14 531
46 7 489
46 7 142
45 12 177
44 1 284
43 1 584
43 15 449
42 6 346
41 20 506
41 4 461
39 4 220
39 11 355
38 16 128
37 9 541
35 10 327
35 7 455
34 14 448
34 3 161
33 2 276
33 3 270
32 3 571
32 5 587
32 7 354
32 10 423
31 12 370
30 11 293
30 3 273
29 6 255
28 1 523
24 1 319
23 1 594
22 9 178
22 10 581
22 10 500
22 6 121
21 8 423
20 10 147
