100

99 17 175
99 13 201
97 11 174
97 3 341
96 28 381
96 29 219
96 28 326
94 18 177
93 23 440
93 12 401
92 1 233
90 18 254
90 17 187
90 6 346
89 11 211
88 4 341
88 16 375
87 9 179
83 21 314
82 18 383
81 8 273
81 2 444
81 11 341
80 7 360
79 7 218
78 10 410
77 22 352
77 20 435
76 1 276
76 15 263
75 18 424
74 6 201
74 20 222
74 3 353
71 15 432
69 12 439
69 8 343
68 17 197
67 12 423
67 7 401
66 3 307
62 4 423
59 14 206
58 16 361
57 11 444
56 10 374
55 9 169
54 15 399
54 14 223
53 3 364
53 8 335
52 10 348
52 12 274
49 10 185
49 5 399
48 6 404
47 5 214
46 14 275
45 6 240
44 11 332
43 2 223
43 6 174
42 2 342
42 7 229
39 6 293
38 4 270
37 2 332
35 10 365
35 7 343
34 4 389
32 8 358
32 4 378
31 7 426
31 6 236
30 3 200
29 3 344
24 6 385
24 3 388
21 4 362
21 6 365
21 1 411
20 4 191
18 1 331
16 3 206
13 2 192
12 4 358
11 4 179
9 3 235
7 1 205
7 2 349
7 1 399
6 1 249
5 2 204
5 1 275
4 2 261
4 2 334
2 1 370
2 1 448
1 1 247
1 1 391
