100

99 17 175
99 2 201
97 3 174
97 9 341
96 22 381
96 16 219
94 23 326
92 15 177
92 4 440
92 5 401
92 12 233
91 25 254
90 16 187
90 20 346
89 16 211
89 23 341
88 22 375
85 11 179
84 15 314
84 19 383
84 21 273
80 22 444
80 24 341
78 13 360
78 4 218
77 9 410
77 5 352
77 11 435
76 21 276
75 17 263
75 13 424
75 9 201
74 15 222
73 16 353
73 2 432
72 15 439
71 14 343
71 2 197
70 14 423
68 19 401
66 1 307
65 7 423
64 5 206
62 6 361
61 13 444
60 17 374
57 2 169
56 11 399
56 9 223
55 8 364
55 8 335
54 1 348
54 6 274
52 5 185
50 13 399
50 10 404
48 1 214
48 11 275
47 6 240
47 4 332
45 10 223
45 10 174
45 9 342
44 5 229
42 6 293
40 1 270
40 11 332
39 9 365
38 3 343
38 9 389
38 7 358
36 10 378
34 9 426
32 7 236
30 7 200
29 6 344
29 2 385
29 9 388
28 9 362
28 1 365
28 5 411
26 7 191
25 8 331
25 1 206
24 1 192
21 3 358
18 1 179
17 4 235
14 1 205
13 3 349
12 3 399
12 3 249
10 1 204
10 1 275
9 3 261
9 2 334
8 3 370
5 1 448
4 1 247
1 1 391
