100

100 18 317
99 4 308
99 30 300
98 2 437
98 20 417
96 28 450
93 17 343
91 24 330
89 9 423
89 22 414
88 26 277
86 19 286
86 25 405
85 12 360
85 11 277
85 5 362
84 4 360
84 10 387
82 22 385
82 17 393
81 20 300
80 17 310
79 1 429
78 16 443
77 10 397
76 13 430
75 3 302
75 21 425
73 10 393
72 3 361
71 6 432
70 12 423
69 8 430
68 20 365
68 5 378
66 13 319
66 12 232
64 5 432
63 6 447
63 9 335
62 8 256
62 8 283
58 15 331
57 4 407
55 8 230
54 4 167
52 15 298
51 11 380
50 13 392
50 12 337
49 6 303
48 6 256
48 2 427
46 3 383
46 1 222
44 4 418
43 10 359
41 12 227
41 10 229
38 3 342
37 10 144
34 9 367
33 2 115
31 6 101
31 9 205
31 6 146
31 2 176
29 8 357
29 9 208
28 4 177
28 5 130
27 2 273
27 7 127
27 7 92
26 2 173
26 1 354
26 3 259
25 7 109
22 5 315
22 1 249
21 3 317
20 3 146
20 2 190
19 4 201
18 1 211
18 1 288
16 3 427
15 3 106
15 4 376
15 3 166
14 5 228
14 5 230
13 4 195
9 3 136
8 1 168
8 2 96
8 2 127
2 1 127
2 1 352
2 1 180
