100

100 28 317
100 5 311
100 23 303
99 28 437
99 17 417
98 19 450
97 11 350
96 22 340
95 9 426
95 16 418
95 8 296
94 22 307
94 6 411
91 17 368
91 27 293
90 14 369
90 14 368
88 24 391
86 8 389
84 8 395
83 4 305
83 13 316
79 23 429
78 18 443
77 19 397
74 18 429
74 23 300
72 7 424
72 3 392
70 7 358
69 21 431
69 8 423
69 3 430
69 20 366
68 2 378
68 11 322
68 1 237
67 7 432
67 14 447
67 21 340
66 10 265
66 20 290
65 9 340
64 17 411
63 8 248
63 1 193
63 14 315
63 3 388
63 5 400
62 5 351
62 12 322
61 13 281
60 3 430
60 3 392
59 14 251
59 4 423
59 17 373
59 4 263
57 13 262
55 4 358
55 4 193
55 15 382
53 14 172
53 7 165
52 14 248
52 12 199
51 9 222
50 11 373
49 4 248
48 7 221
47 10 180
47 15 302
45 9 174
44 1 141
44 11 213
43 11 367
43 4 285
42 6 156
42 5 336
41 2 279
41 8 338
38 11 188
37 8 224
36 9 233
36 9 244
36 7 310
36 9 430
34 4 155
34 4 386
29 3 196
29 1 253
28 6 252
27 5 221
25 1 171
24 5 200
23 5 134
23 1 161
22 1 171
22 4 365
20 1 213
