100

99 8 423
99 3 549
98 10 379
98 27 360
97 26 277
97 14 366
96 9 500
96 3 369
96 22 300
96 18 592
95 9 477
94 22 334
93 1 258
92 8 306
91 22 432
89 18 465
87 20 342
87 10 630
87 9 582
86 1 720
85 23 737
84 11 592
84 26 324
83 3 617
83 12 439
83 5 588
82 4 435
81 18 737
80 4 693
79 11 560
79 4 539
79 19 277
77 13 512
77 6 744
76 6 687
74 13 674
74 6 480
74 21 398
73 9 310
72 3 730
72 3 426
71 11 707
71 18 583
69 18 725
69 21 566
69 4 272
66 2 697
65 15 506
64 4 240
64 10 331
64 6 463
63 8 429
62 2 282
61 7 459
60 7 255
59 7 410
57 1 697
57 12 236
57 3 277
56 1 544
56 7 234
55 6 321
54 16 286
53 3 555
52 6 335
52 4 255
51 11 287
51 4 445
49 6 313
47 14 294
47 3 239
46 4 589
46 5 305
46 6 657
46 10 487
46 9 279
46 7 646
44 9 481
43 5 597
43 10 654
43 12 338
41 13 420
40 2 700
40 2 393
39 6 232
39 7 397
38 12 350
36 4 467
36 10 561
35 6 342
34 2 684
34 9 591
33 8 723
32 6 696
32 6 430
31 8 364
31 4 748
30 8 564
30 6 658
30 3 632
