100

99 8 327
99 8 347
97 21 373
97 5 321
96 10 318
96 12 299
96 5 331
94 29 366
93 7 280
93 30 434
92 44 355
90 2 421
90 2 375
90 40 298
89 26 437
88 34 292
88 39 411
87 13 396
83 7 398
82 31 367
81 33 292
81 16 390
81 6 300
80 34 338
79 10 421
78 33 349
77 29 297
77 15 346
76 5 238
76 30 446
75 3 390
74 37 431
74 17 226
74 18 246
71 24 249
69 35 285
69 27 444
68 12 432
67 29 216
67 25 368
66 20 218
62 29 415
59 1 268
58 15 237
57 29 379
56 19 444
55 28 424
54 16 247
54 9 198
53 17 450
53 6 185
52 21 292
52 21 407
49 9 354
49 1 448
48 4 298
47 18 198
46 7 145
45 15 317
44 12 268
43 14 200
43 12 168
42 14 334
42 1 153
39 6 283
38 9 201
37 18 119
35 18 153
35 12 381
34 8 234
32 3 221
32 8 431
31 3 223
31 12 125
30 10 220
29 7 129
24 10 135
24 12 169
21 7 170
21 9 441
21 11 354
20 9 410
18 5 212
16 1 96
13 6 259
12 5 302
11 6 196
9 5 332
7 4 257
7 1 404
7 4 175
6 3 205
5 2 325
5 3 294
4 2 180
4 1 205
2 1 15
2 1 23
1 1 274
1 1 106
