100

98 13 326
97 1 504
97 1 409
97 21 466
96 24 341
95 24 433
95 29 401
95 10 398
95 12 476
93 20 588
92 3 365
88 5 346
87 24 261
86 7 269
86 5 553
85 24 583
81 13 473
81 13 250
80 6 579
78 2 485
78 23 567
78 24 362
77 14 399
77 20 454
76 19 296
75 6 281
74 22 371
72 3 266
71 16 377
70 18 573
70 20 414
69 10 525
69 10 304
67 18 291
67 5 468
67 13 371
65 5 568
65 5 336
65 4 442
64 4 352
64 5 355
63 10 545
62 15 588
58 17 525
58 13 511
56 11 497
56 17 306
56 7 223
55 15 364
52 14 375
51 10 281
50 15 434
50 12 163
50 8 401
49 1 384
49 8 207
47 2 458
45 12 417
43 11 288
43 1 504
43 12 162
42 13 234
41 4 127
40 11 528
40 7 485
40 12 125
39 2 161
38 11 271
36 4 584
35 4 441
33 5 332
33 2 501
32 10 453
30 8 199
29 9 339
28 6 99
28 9 538
25 5 311
25 5 446
22 5 437
22 7 129
20 1 250
20 1 244
18 3 568
17 6 586
16 2 330
15 3 405
11 1 343
11 3 259
10 2 235
8 2 212
5 1 512
5 1 289
5 2 593
4 2 135
4 2 579
2 1 489
2 1 67
2 1 405
1 1 100
