100

100 13 424
99 2 549
99 7 379
98 32 361
98 48 278
97 33 366
95 42 501
95 11 370
95 18 301
94 12 592
94 40 478
94 11 335
94 29 259
93 26 307
93 29 433
92 8 466
91 5 343
90 44 630
90 37 583
90 35 720
90 8 737
89 4 592
89 14 325
88 29 617
86 37 439
85 8 589
85 16 435
84 16 737
83 16 693
83 22 560
82 15 539
81 16 278
81 14 512
80 6 744
79 20 687
79 40 674
77 31 481
76 33 399
76 22 311
73 5 730
72 34 426
71 5 707
71 6 583
71 28 725
69 5 566
69 23 273
68 24 697
67 6 507
67 8 241
63 17 332
61 24 463
61 22 430
61 8 283
60 5 459
60 25 256
59 26 411
58 4 697
57 24 237
57 25 278
57 19 544
57 21 235
56 28 322
56 3 286
56 22 555
56 16 336
56 5 256
55 7 288
53 13 445
53 25 314
53 9 295
51 11 240
51 1 589
49 1 306
48 7 657
48 8 487
47 4 280
47 20 646
47 7 482
47 17 598
46 22 654
46 12 339
45 10 420
45 17 700
44 13 393
44 7 233
43 20 398
43 10 351
42 5 467
42 7 561
39 15 343
38 17 684
38 7 592
37 11 723
36 7 696
35 18 431
33 12 364
32 4 748
31 1 564
30 15 658
30 8 633
