100

100 18 332
100 24 507
100 5 414
99 25 469
99 26 349
98 19 438
97 3 405
96 17 400
95 1 476
95 19 588
95 25 372
94 21 359
94 26 282
91 24 283
91 17 555
90 19 584
90 21 483
88 6 270
86 6 580
84 1 491
83 20 568
83 15 372
79 2 402
78 22 455
77 5 299
74 15 279
74 12 371
72 10 266
72 1 379
70 11 573
69 12 413
69 5 525
69 7 304
69 18 295
68 21 469
68 5 372
68 14 569
67 6 340
67 16 444
67 14 358
66 9 359
66 13 546
65 19 588
64 11 529
63 19 514
63 1 502
63 16 320
63 6 242
63 17 377
62 11 391
62 10 305
61 9 446
60 8 192
60 11 414
59 14 399
59 14 233
59 6 469
59 6 434
57 17 316
55 4 511
55 17 195
55 4 264
53 9 162
53 1 534
52 7 493
52 5 160
51 16 194
50 7 296
49 15 585
48 14 454
47 5 354
47 6 510
45 11 464
44 11 232
44 13 362
43 9 143
43 6 543
42 11 339
42 12 461
41 11 454
41 6 179
38 8 285
37 6 278
36 2 572
36 11 587
36 1 360
36 11 427
34 8 374
34 5 300
29 2 271
29 5 255
28 4 523
27 8 324
25 2 594
24 3 183
23 6 581
23 5 501
22 5 121
22 3 424
20 5 147
