100

100 50 276
100 50 277
99 10 211
99 37 173
98 15 172
98 48 379
98 2 301
96 7 414
96 20 170
95 34 205
94 20 201
94 23 314
93 29 368
93 29 232
92 2 225
92 7 374
91 6 334
91 44 222
90 39 294
89 1 404
88 14 425
88 5 285
88 11 376
88 43 183
88 16 288
87 25 438
86 3 297
86 6 190
85 31 222
85 16 408
85 41 426
85 6 370
84 13 256
84 14 411
84 38 308
83 9 351
83 12 265
83 16 192
81 39 195
80 18 184
80 39 267
80 39 358
79 23 272
77 4 311
77 17 171
75 9 210
75 31 426
74 16 345
72 17 401
72 9 355
69 13 371
68 5 252
68 14 182
66 3 266
65 23 413
65 33 392
64 21 329
64 12 211
63 23 409
61 1 217
61 31 280
60 18 410
60 1 210
58 24 281
58 22 273
58 3 445
58 27 397
57 17 176
57 13 182
56 14 350
56 23 252
55 11 244
54 21 330
49 18 272
49 17 399
47 15 212
47 6 386
47 22 300
46 5 325
45 21 429
44 1 414
43 8 175
42 2 363
42 13 389
41 14 385
40 18 428
40 3 407
36 9 315
34 15 404
34 13 358
33 3 204
33 14 415
32 1 229
32 10 263
32 5 327
32 12 295
32 8 268
31 7 243
30 11 261
30 4 256
