100

98 44 312
97 33 302
97 11 294
97 18 437
96 27 415
95 1 450
95 22 346
95 45 338
95 16 426
93 32 416
92 8 288
88 17 291
87 2 406
86 11 361
86 25 280
85 36 362
81 14 356
81 29 384
80 11 383
78 5 390
78 22 294
78 20 306
77 32 428
77 17 443
76 4 396
75 18 429
74 9 300
72 15 424
71 1 391
70 34 358
70 23 431
69 5 423
69 28 430
67 9 364
67 34 377
67 6 321
65 16 229
65 32 432
65 23 447
64 8 336
64 6 261
63 28 285
62 21 336
58 15 408
58 25 237
56 10 173
56 27 305
56 11 383
55 27 395
52 16 339
51 17 306
50 16 260
50 5 428
50 23 385
49 23 229
49 18 420
47 6 363
45 16 235
43 11 233
43 6 347
43 9 161
42 21 373
41 21 138
40 13 127
40 13 224
40 16 169
39 19 194
38 18 364
36 17 222
35 15 192
33 6 143
33 1 282
32 13 140
30 10 100
29 9 179
28 8 355
28 11 262
25 11 109
25 10 318
22 2 249
22 8 318
20 4 146
20 5 190
18 5 199
17 8 210
16 6 286
15 2 427
11 5 96
11 6 373
10 5 156
8 3 218
5 3 215
5 3 180
5 2 127
4 1 160
4 2 86
2 1 113
2 1 127
2 1 352
1 1 178
