100

100 1 332
99 21 506
99 29 412
98 4 468
97 23 344
97 13 436
97 24 405
96 18 400
96 5 477
95 8 588
95 27 372
95 26 362
94 14 282
93 18 289
93 21 555
93 18 584
92 8 485
91 27 279
89 18 581
88 12 494
87 14 569
86 10 378
84 11 410
84 18 462
83 2 313
83 21 302
82 12 386
81 13 289
81 14 395
81 14 576
78 13 426
78 22 530
75 6 317
74 3 307
73 10 474
72 2 379
72 17 570
71 14 347
70 10 447
68 2 359
67 15 361
66 10 546
65 17 588
64 12 529
63 12 514
63 6 502
62 13 318
60 6 234
60 11 372
59 2 386
59 2 299
58 13 443
57 14 183
56 1 409
56 4 394
55 3 222
54 11 464
51 8 424
49 10 300
49 7 507
48 13 176
47 5 246
47 2 145
46 11 531
45 10 488
45 1 139
45 6 177
45 4 286
44 7 584
44 14 450
44 3 349
44 9 508
43 2 462
41 4 225
41 2 358
40 12 134
39 5 542
39 10 334
39 4 458
37 4 450
37 7 169
37 3 283
35 3 274
35 5 571
34 2 587
32 8 354
31 2 422
31 6 370
30 5 293
28 3 269
26 3 249
25 1 521
24 5 319
24 7 594
23 6 180
23 5 581
22 7 500
21 2 118
20 6 422
20 3 147
