100

99 7 327
97 24 343
96 16 372
96 16 318
96 36 318
95 26 296
95 29 328
95 17 368
95 26 286
94 31 434
94 27 358
93 15 423
92 41 377
92 25 303
92 29 438
91 3 300
91 31 413
91 9 399
90 5 404
89 26 375
89 20 310
89 1 397
88 33 315
88 36 351
88 33 425
87 5 362
86 20 316
86 19 359
85 34 264
85 2 447
84 37 397
83 40 434
82 29 250
81 11 265
81 27 274
77 18 301
77 26 445
76 35 434
76 35 241
75 38 376
73 31 237
73 34 419
73 1 296
72 21 269
72 25 390
72 29 445
72 10 428
70 5 281
69 9 237
67 33 450
66 18 220
65 21 313
65 30 413
64 15 368
62 13 449
61 5 318
60 12 230
58 19 180
57 20 332
56 19 288
55 19 228
53 19 195
52 13 344
52 3 180
52 10 303
48 9 224
48 22 152
46 13 181
45 4 387
43 2 251
42 18 241
39 4 432
39 17 238
38 9 144
38 14 235
38 1 152
38 1 170
37 9 198
36 7 203
35 10 442
34 3 363
34 1 414
32 15 238
31 11 136
30 9 283
30 12 321
28 11 227
27 14 347
27 8 284
27 9 411
25 1 209
24 12 236
24 2 341
24 2 315
23 12 215
23 2 236
22 2 74
22 10 80
22 5 299
21 4 152
