100

100 26 176
100 23 202
100 1 175
99 15 342
99 7 381
98 23 220
97 14 326
96 17 178
95 21 440
95 18 401
95 21 233
94 8 255
94 19 188
91 27 347
91 26 212
90 4 341
90 15 375
88 1 180
86 19 314
84 4 383
83 13 274
83 24 444
79 14 342
78 13 360
77 3 219
74 1 410
74 17 352
72 6 435
72 19 277
70 18 263
69 6 424
69 19 202
69 20 223
69 12 354
68 10 432
68 7 439
68 21 344
67 5 198
67 21 423
67 15 402
66 10 308
66 2 423
65 10 207
64 8 361
63 14 444
63 18 375
63 12 170
63 13 400
63 1 224
62 13 364
62 9 335
61 12 349
60 6 275
60 10 186
59 4 399
59 7 404
59 2 215
59 17 276
57 16 241
55 9 332
55 11 224
55 3 175
53 13 343
53 12 230
52 1 294
52 14 271
51 4 333
50 2 365
49 10 344
48 10 389
47 15 358
47 11 378
45 9 426
44 8 237
44 4 201
43 2 344
43 12 386
42 10 388
42 6 362
41 13 365
41 11 411
38 3 192
37 9 331
36 6 207
36 6 193
36 7 358
36 10 180
34 11 236
34 4 205
29 5 350
29 4 399
28 7 249
27 2 205
25 3 276
24 6 261
23 3 334
23 2 370
22 2 448
22 3 247
20 4 391
