100

99 30 175
98 21 201
98 15 174
98 1 341
93 10 381
93 21 219
92 5 326
90 13 177
90 14 440
89 4 401
89 4 233
87 18 254
85 4 187
85 12 346
84 2 211
81 7 341
81 16 375
81 9 179
80 16 314
77 4 383
76 10 273
75 15 444
75 17 341
74 16 360
74 15 218
73 3 410
71 19 352
70 18 435
70 18 276
69 20 263
68 11 424
67 10 201
67 7 222
67 6 353
66 5 432
66 19 439
65 2 343
65 11 197
64 11 423
63 6 401
62 3 307
62 2 423
61 16 206
61 4 361
59 4 444
58 7 374
57 8 169
57 14 399
57 17 223
56 14 364
55 1 335
54 7 348
54 13 274
54 16 185
52 13 399
52 5 404
52 16 214
52 11 275
52 11 240
51 12 332
51 1 223
50 2 174
50 7 342
50 12 229
49 15 293
47 14 270
47 11 332
47 2 365
47 4 343
47 9 389
45 13 358
45 7 378
44 13 426
43 6 236
42 13 200
42 6 344
39 1 385
39 8 388
39 9 362
39 8 365
39 4 411
39 6 191
38 4 331
37 5 206
37 7 192
37 11 358
34 6 179
33 6 235
33 8 205
32 5 349
32 6 399
31 2 249
31 4 204
31 1 275
29 7 261
28 5 334
28 9 370
27 6 448
25 3 247
22 3 391
