100

99 14 423
99 16 549
97 15 379
97 27 360
96 5 277
96 19 366
94 12 500
92 21 369
92 5 300
92 24 592
92 17 477
91 20 334
90 18 258
90 4 306
89 15 432
89 6 465
88 6 342
85 10 630
84 7 582
84 24 720
84 20 737
80 3 592
80 19 324
78 8 617
78 1 439
77 12 588
77 20 435
77 8 737
76 3 693
75 7 560
75 8 539
75 6 277
74 10 512
73 13 744
73 9 687
72 7 674
71 4 480
71 13 398
70 17 310
68 15 730
66 19 426
65 9 707
64 1 583
62 7 725
61 10 566
60 4 272
57 12 697
56 8 506
56 9 240
55 14 331
55 5 463
54 12 429
54 6 282
52 10 459
50 8 255
50 15 410
48 6 697
48 11 236
47 3 277
47 7 544
45 7 234
45 2 321
45 11 286
44 2 555
42 8 335
40 7 255
40 4 287
39 11 445
38 4 313
38 4 294
38 8 239
36 7 589
34 5 305
32 1 657
30 3 487
29 8 279
29 5 646
29 6 481
28 6 597
28 8 654
28 1 338
26 4 420
25 4 700
25 7 393
24 3 232
21 7 397
18 3 350
17 4 467
14 2 561
13 2 342
12 3 684
12 4 591
10 1 723
10 2 696
9 1 430
9 3 364
8 2 748
5 2 564
4 1 658
1 1 632
