100

100 13 176
100 19 202
99 13 175
99 5 342
99 16 381
99 18 220
98 10 326
98 9 178
98 24 440
97 4 401
97 13 233
97 1 255
94 10 188
94 27 347
93 4 212
93 1 341
92 25 375
90 13 180
89 22 314
88 1 383
87 23 274
86 23 444
85 22 342
83 5 360
83 14 219
82 17 410
81 9 352
80 14 435
79 9 277
78 13 263
77 18 424
76 18 202
75 16 223
73 12 354
73 1 432
73 10 439
73 12 344
72 19 198
72 20 423
71 4 402
71 7 308
71 8 423
70 1 207
68 16 361
67 12 444
66 19 375
65 5 170
64 9 400
64 2 224
64 17 364
64 12 335
63 13 349
62 1 275
62 15 186
62 18 399
61 15 404
57 1 215
56 2 276
55 3 241
55 4 332
54 10 224
53 4 175
53 5 343
53 3 230
53 11 294
52 11 271
52 1 333
52 8 365
51 11 344
51 14 389
49 8 358
49 15 378
48 15 426
48 3 237
45 1 201
45 14 344
45 3 386
45 4 388
44 2 362
44 4 365
43 1 411
42 9 192
41 4 331
41 12 207
40 2 193
40 6 358
38 10 180
35 9 236
34 2 205
34 10 350
34 8 399
34 6 249
33 9 205
33 6 276
32 6 261
32 3 334
32 3 370
30 9 448
30 6 247
30 4 391
