100

100 18 176
100 30 202
99 41 175
99 49 342
99 45 381
99 23 220
98 3 326
98 16 178
98 20 440
97 37 401
97 19 233
97 26 255
94 30 188
94 2 347
93 5 212
93 14 341
92 18 375
90 20 180
89 13 314
88 26 383
87 5 274
86 24 444
85 20 342
83 9 360
83 28 219
82 41 410
81 1 352
80 36 435
79 23 277
78 30 263
77 1 424
76 7 202
75 2 223
73 18 354
73 32 432
73 25 439
73 9 344
72 14 198
72 12 423
71 33 402
71 21 308
71 34 423
70 1 207
68 2 361
67 14 444
66 19 375
65 28 170
64 27 400
64 24 224
64 5 364
64 24 335
63 12 349
62 26 275
62 13 186
62 19 399
61 20 404
57 17 215
56 25 276
55 16 241
55 5 332
54 9 224
53 7 175
53 26 343
53 23 230
53 10 294
52 13 271
52 12 333
52 24 365
51 14 344
51 11 389
49 15 358
49 21 378
48 7 426
48 10 237
45 6 201
45 14 344
45 9 386
45 10 388
44 4 362
44 12 365
43 12 411
42 18 192
41 15 331
41 7 207
40 6 193
40 20 358
38 15 180
35 15 236
34 5 205
34 11 350
34 1 399
34 4 249
33 3 205
33 8 276
32 13 261
32 6 334
32 6 370
30 8 448
30 11 247
30 5 391
