100

100 26 317
99 30 308
96 12 291
94 12 436
93 6 413
92 21 450
92 3 341
91 21 330
91 15 424
91 23 415
89 15 279
88 6 291
86 9 405
86 8 361
86 11 280
85 16 362
84 8 360
84 1 387
84 16 387
81 17 393
81 22 300
80 10 310
79 17 429
79 22 443
78 4 397
77 12 430
77 24 306
77 15 426
77 20 396
73 10 362
71 12 432
69 13 423
67 21 430
66 17 363
65 20 375
65 6 318
64 2 227
64 20 432
64 12 447
62 18 334
60 4 252
57 18 273
57 9 329
56 12 407
56 6 232
56 11 173
56 12 305
53 5 381
52 14 393
51 16 338
51 9 306
50 11 260
50 11 428
48 12 384
47 13 224
46 8 419
45 3 361
44 7 233
43 11 233
42 8 346
41 7 155
41 9 372
40 8 135
40 8 127
39 7 222
39 9 166
38 8 192
37 5 363
36 4 222
36 11 195
36 6 151
34 10 283
33 10 143
31 8 103
31 3 184
29 7 356
29 4 264
26 3 112
25 8 318
22 5 249
22 4 318
22 4 151
20 5 190
17 3 197
11 3 199
11 1 280
10 2 426
9 2 91
7 1 371
7 3 149
7 3 217
7 1 218
6 1 182
5 2 127
3 1 158
2 1 81
2 1 113
1 1 125
1 1 351
1 1 178
