100

99 22 175
97 24 201
96 20 174
96 6 341
96 5 381
95 7 219
95 8 326
95 29 177
95 23 440
94 5 401
94 9 233
93 8 254
92 24 187
92 23 346
92 19 211
91 13 341
91 19 375
91 1 179
90 9 314
89 20 383
89 8 273
89 18 444
88 27 341
88 17 360
88 8 218
87 26 410
86 25 352
86 22 435
85 11 276
85 20 263
84 26 424
83 20 201
82 23 222
81 10 353
81 23 432
77 16 439
77 19 343
76 16 197
76 9 423
75 17 401
73 6 307
73 7 423
73 5 206
72 7 361
72 5 444
72 4 374
72 7 169
70 6 399
69 4 223
67 14 364
66 20 335
65 18 348
65 8 274
64 4 185
62 7 399
61 3 404
60 18 214
58 10 275
57 1 240
56 1 332
55 11 223
53 13 174
52 11 342
52 4 229
52 6 293
48 10 270
48 4 332
46 12 365
45 8 343
43 8 389
42 7 358
39 12 378
39 8 426
38 4 236
38 2 200
38 11 344
38 12 385
37 8 388
36 3 362
35 2 365
34 4 411
34 4 191
32 1 331
31 2 206
30 8 192
30 3 358
28 2 179
27 7 235
27 5 205
27 2 349
25 5 399
24 4 249
24 4 204
24 4 275
23 7 261
23 5 334
22 3 370
22 5 448
22 6 247
21 2 391
