100

100 27 332
100 1 507
99 12 412
99 22 469
98 23 346
98 16 438
98 25 407
96 9 400
96 21 477
95 22 588
94 13 370
94 3 359
93 6 279
93 16 289
92 13 555
92 12 584
91 4 484
91 13 279
90 8 581
89 22 495
88 11 570
88 20 382
88 18 417
88 15 467
88 3 325
87 11 312
86 21 393
86 2 302
85 7 402
85 2 577
85 19 436
85 5 534
84 8 337
84 14 330
84 26 485
83 13 398
83 19 572
83 16 371
81 21 460
80 9 381
80 13 384
80 7 552
79 24 589
77 8 536
77 12 523
75 3 511
75 3 345
74 12 270
72 10 391
72 10 406
69 19 320
68 12 454
68 21 215
66 2 422
65 18 407
65 3 248
64 1 473
64 19 439
63 6 328
61 4 515
61 9 212
60 7 276
60 5 183
58 18 536
58 1 498
58 13 178
58 9 213
57 9 310
57 17 586
56 15 461
56 15 369
55 10 514
54 7 472
49 13 244
49 12 370
47 5 154
47 14 545
47 9 347
46 14 465
45 8 458
44 4 187
43 11 295
42 6 288
42 9 573
41 13 588
40 5 365
40 5 431
36 5 377
34 8 300
34 6 281
33 4 263
33 9 525
32 7 332
32 10 594
32 1 202
32 1 582
32 9 506
31 5 145
30 3 432
30 7 172
