100

99 18 329
99 11 506
97 3 409
97 9 466
96 20 341
96 18 435
94 29 399
92 21 392
92 2 473
92 4 588
92 27 365
91 7 353
90 27 270
90 21 280
89 25 554
89 8 584
88 14 480
85 21 262
84 14 580
84 12 491
84 24 569
80 2 366
80 7 404
78 14 455
78 1 301
77 10 286
77 9 377
77 18 279
76 11 386
75 9 574
75 4 422
75 15 528
74 8 315
73 1 305
73 21 474
72 13 379
71 3 570
71 3 347
70 16 447
68 3 359
66 15 359
65 2 545
64 9 588
62 10 528
61 13 513
60 18 500
57 9 308
56 9 223
56 2 365
55 7 380
55 8 290
54 4 439
54 4 175
52 12 403
50 15 386
50 11 209
48 8 458
48 2 421
47 14 296
47 1 506
45 8 167
45 12 241
45 3 139
44 4 530
42 6 486
40 5 125
40 4 164
39 6 273
38 12 584
38 3 444
38 4 340
36 6 503
34 1 455
32 2 204
30 9 341
29 9 102
29 7 538
29 8 317
28 2 449
28 2 442
28 3 145
26 4 262
25 2 254
25 2 570
24 5 586
21 5 338
18 2 408
17 1 351
14 5 264
13 1 241
12 2 220
12 2 515
10 2 297
10 1 593
9 2 147
9 2 580
8 3 492
5 1 75
4 2 407
1 1 100
