100

99 2 314
99 47 308
98 2 297
97 34 437
96 32 415
93 5 450
92 33 341
92 7 332
91 16 424
91 28 415
91 18 285
90 33 296
90 4 408
90 5 367
89 35 288
88 1 366
88 19 365
87 18 390
85 39 388
85 29 396
84 11 307
84 6 318
84 34 430
82 21 443
80 21 399
80 18 431
80 12 312
80 27 427
78 3 397
77 38 366
76 31 433
75 15 425
74 13 431
73 4 370
72 2 381
70 14 326
70 18 242
69 20 433
68 33 447
68 13 342
67 19 267
66 18 290
65 23 340
65 27 411
65 20 253
65 20 199
64 6 317
62 30 388
59 1 397
59 20 347
59 10 318
58 21 275
58 20 430
57 28 390
57 21 246
56 10 422
56 14 370
56 10 257
55 16 258
55 28 358
54 21 190
51 8 379
51 5 167
50 21 156
49 24 242
48 24 189
46 13 210
46 21 370
46 11 242
46 14 217
46 11 177
46 4 300
45 18 174
44 1 141
44 12 213
41 2 365
41 15 282
41 15 153
41 7 335
40 16 277
40 12 337
39 13 191
39 18 228
38 19 237
37 3 246
36 9 310
36 13 430
36 14 160
35 7 387
35 2 208
35 3 262
35 6 264
34 6 234
34 17 191
34 10 219
34 16 161
32 2 181
32 3 192
31 1 371
30 11 231
