100

100 25 317
99 13 308
98 2 297
96 7 436
96 24 415
96 17 450
96 7 348
96 16 340
96 11 426
94 19 417
93 24 290
93 7 304
92 23 410
92 21 369
92 3 296
91 23 370
91 8 369
91 20 394
90 25 393
87 3 398
84 16 307
83 4 316
83 3 430
79 7 443
78 8 397
78 1 430
77 2 306
77 12 426
76 21 395
76 23 365
75 9 433
75 1 425
75 2 432
73 10 370
73 16 382
73 18 330
72 18 247
72 16 434
72 3 447
72 18 347
72 19 278
71 20 300
71 21 347
70 5 413
70 4 265
66 17 202
66 4 320
65 6 390
64 11 400
63 14 352
59 11 318
58 8 275
57 11 429
56 8 389
56 5 244
55 14 422
55 10 370
54 8 253
53 4 254
53 11 356
52 10 185
51 9 379
49 4 161
47 1 148
46 13 236
46 1 184
45 9 208
44 5 369
43 6 236
43 1 210
42 3 167
41 8 293
41 2 164
39 2 127
39 5 202
38 9 363
37 2 276
35 11 137
35 10 329
34 9 268
34 1 331
33 4 177
33 7 216
32 3 226
32 4 237
32 2 305
32 8 430
31 5 147
30 7 384
30 2 198
29 4 253
28 1 252
24 1 215
23 1 167
22 3 196
22 5 131
22 1 158
22 4 171
21 3 364
20 1 213
