100

99 14 423
99 30 549
97 24 379
97 8 360
96 25 277
96 11 366
96 15 500
94 7 369
93 6 300
93 14 592
92 10 477
90 10 334
90 9 258
90 25 306
89 16 432
88 4 465
88 4 342
87 22 630
83 17 582
82 11 720
81 5 737
81 20 592
81 3 324
80 22 617
79 9 439
78 12 588
77 19 435
77 5 737
76 7 693
76 4 560
75 8 539
74 7 277
74 19 512
74 15 744
71 19 687
69 11 674
69 11 480
68 12 398
67 4 310
67 1 730
66 8 426
62 6 707
59 16 583
58 2 725
57 6 566
56 9 272
55 15 697
54 7 506
54 12 240
53 1 331
53 5 463
52 11 429
52 11 282
49 10 459
49 9 255
48 4 410
47 3 697
46 4 236
45 12 277
44 12 544
43 5 234
43 4 321
42 4 286
42 13 555
39 6 335
38 6 255
37 10 287
35 5 445
35 5 313
34 3 294
32 8 239
32 10 589
31 10 305
31 3 657
30 8 487
29 8 279
24 6 646
24 2 481
21 3 597
21 7 654
21 1 338
20 2 420
18 1 700
16 1 393
13 3 232
12 1 397
11 4 350
9 3 467
7 3 561
7 1 342
7 2 684
6 1 591
5 2 723
5 2 696
4 1 430
4 1 364
2 1 748
2 1 564
1 1 658
1 1 632
