100

99 9 327
99 12 347
98 4 375
97 24 321
96 28 318
93 26 291
92 5 322
92 11 363
91 27 274
91 27 434
91 17 353
90 14 421
90 24 375
90 1 298
89 7 437
88 19 292
88 15 411
87 25 396
85 14 400
85 1 370
84 20 299
84 15 392
84 6 306
82 10 341
80 19 422
80 17 352
80 21 303
80 2 350
78 8 244
77 2 447
76 1 391
75 3 432
74 16 226
73 3 244
72 3 251
70 16 287
70 17 444
69 19 433
68 10 219
68 14 369
67 20 221
66 2 416
65 7 280
65 15 253
65 10 385
65 13 444
64 11 426
62 9 264
59 5 211
59 11 450
59 16 201
58 2 302
58 12 410
57 2 361
57 11 448
56 17 310
56 15 220
56 8 174
55 13 330
55 10 287
54 2 225
51 6 189
51 11 343
50 11 175
49 7 298
48 15 224
46 5 146
46 12 181
46 4 388
46 8 257
46 13 248
46 9 433
45 13 249
44 9 160
44 3 247
41 2 160
41 9 177
41 8 207
41 2 214
40 11 443
40 2 368
39 8 416
39 9 250
38 6 154
37 5 293
36 4 328
36 8 242
36 3 354
35 11 295
35 3 413
35 8 229
35 10 255
34 4 350
34 9 326
34 8 235
34 5 255
32 3 103
32 1 109
31 9 309
30 4 173
