100

99 40 175
98 4 201
98 31 174
98 8 341
93 24 381
93 26 219
92 20 326
90 7 177
90 22 440
89 26 401
89 11 233
87 22 254
85 32 187
85 19 346
84 36 211
81 33 341
81 37 375
81 6 179
80 14 314
77 34 383
76 14 273
75 18 444
75 3 341
74 9 360
74 25 218
73 27 410
71 36 352
70 6 435
70 6 276
69 9 263
68 34 424
67 21 201
67 7 222
67 14 353
66 19 432
66 4 439
65 33 343
65 26 197
64 11 423
63 19 401
62 8 307
62 9 423
61 12 206
61 30 361
59 16 444
58 2 374
57 13 169
57 15 399
57 6 223
56 20 364
55 26 335
54 21 348
54 5 274
54 25 185
52 11 399
52 2 404
52 15 214
52 3 275
52 11 240
51 11 332
51 20 223
50 5 174
50 6 342
50 22 229
49 13 293
47 23 270
47 15 332
47 22 365
47 5 343
47 8 389
45 13 358
45 12 378
44 6 426
43 16 236
42 15 200
42 14 344
39 1 385
39 17 388
39 17 362
39 15 365
39 6 411
39 20 191
38 10 331
37 14 206
37 17 192
37 17 358
34 5 179
33 5 235
33 9 205
32 9 349
32 3 399
31 10 249
31 10 204
31 7 275
29 6 261
28 3 334
28 14 370
27 3 448
25 3 247
22 8 391
