100

99 33 329
99 48 506
98 30 411
97 44 466
96 32 341
93 35 430
92 27 395
92 8 392
91 16 471
91 30 588
91 15 363
90 7 350
90 24 270
90 31 280
89 2 554
88 1 583
88 9 480
87 13 267
85 43 580
85 34 492
84 32 569
84 1 374
84 31 410
82 8 460
80 2 306
80 21 294
80 18 382
80 2 286
78 34 389
77 15 575
76 23 423
75 11 528
74 35 315
73 16 305
72 2 473
70 17 376
70 11 569
69 19 343
68 34 445
68 4 359
67 25 361
66 17 546
65 11 588
65 1 529
65 33 516
65 20 504
64 9 322
62 24 239
59 2 370
59 12 386
59 30 299
58 19 443
58 1 186
57 23 410
57 18 396
56 3 225
56 23 466
56 15 430
55 19 312
55 23 511
54 15 192
51 9 255
51 26 156
50 21 533
49 6 491
48 17 148
46 11 180
46 14 288
46 12 585
46 7 452
46 10 353
46 19 509
45 23 464
44 7 232
44 2 362
41 12 137
41 21 542
41 3 337
41 5 460
40 5 453
40 9 177
39 5 287
39 20 282
38 10 572
37 7 587
36 11 360
36 4 427
36 4 377
35 1 302
35 10 283
35 12 267
35 17 526
34 8 335
34 2 594
34 2 206
34 12 582
32 15 506
32 2 148
31 2 433
30 10 172
