100

100 39 317
100 9 311
100 38 303
99 17 437
99 20 417
98 25 450
97 40 350
96 18 340
95 34 426
95 3 418
95 23 296
94 25 307
94 9 411
91 2 368
91 5 293
90 23 369
90 16 368
88 17 391
86 2 389
84 36 395
83 34 305
83 27 316
79 33 429
78 33 443
77 12 397
74 26 429
74 33 300
72 26 424
72 19 392
70 17 358
69 8 431
69 21 423
69 34 430
69 33 366
68 29 378
68 16 322
68 3 237
67 31 432
67 13 447
67 5 340
66 4 265
66 16 290
65 17 340
64 10 411
63 3 248
63 1 193
63 27 315
63 13 388
63 26 400
62 31 351
62 30 322
61 8 281
60 19 430
60 13 392
59 26 251
59 6 423
59 6 373
59 15 263
57 4 262
55 6 358
55 12 193
55 28 382
53 27 172
53 16 165
52 11 248
52 8 199
51 22 222
50 18 373
49 12 248
48 15 221
47 2 180
47 13 302
45 12 174
44 11 141
44 17 213
43 14 367
43 8 285
42 9 156
42 9 336
41 21 279
41 19 338
38 2 188
37 19 224
36 1 233
36 10 244
36 14 310
36 13 430
34 7 155
34 13 386
29 5 196
29 3 253
28 6 252
27 9 221
25 3 171
24 7 200
23 9 134
23 2 161
22 11 171
22 2 365
20 8 213
