100

99 33 314
97 20 302
96 23 291
96 15 436
96 40 415
95 12 450
95 30 346
95 38 338
95 41 426
94 27 417
94 4 293
93 31 304
92 2 410
92 17 369
92 29 296
91 42 370
91 4 369
91 9 394
90 18 393
89 15 399
89 26 318
89 36 328
88 24 431
88 17 444
88 32 405
87 4 433
86 2 324
86 4 429
85 1 402
85 27 375
84 12 435
83 25 428
82 10 433
81 30 378
81 13 389
77 36 336
77 16 260
76 4 434
76 16 447
75 36 351
73 36 281
73 6 304
73 16 350
72 24 414
72 33 269
72 32 220
72 33 329
70 32 393
69 18 403
67 12 356
66 16 328
65 19 288
65 30 431
64 19 394
62 23 257
61 7 423
60 4 374
58 2 261
57 2 262
56 25 359
55 17 193
53 5 381
52 10 169
52 26 162
52 25 248
48 16 189
48 17 215
46 10 370
45 19 240
43 13 210
42 19 167
39 3 290
39 16 159
38 15 124
38 16 199
38 5 363
38 9 278
37 4 142
36 17 330
35 11 270
34 6 331
34 10 179
32 4 214
31 1 224
30 11 233
30 2 303
28 14 429
27 3 137
27 7 382
27 6 191
25 11 246
24 11 246
24 7 215
24 5 169
23 3 198
23 5 134
22 3 158
22 10 171
22 11 365
21 11 215
