100

100 47 317
99 5 308
99 9 300
98 41 437
98 21 417
97 42 450
95 3 346
95 23 338
95 46 426
94 37 417
94 9 293
94 4 307
94 35 411
93 16 371
93 19 299
92 22 371
91 2 369
90 16 393
90 27 393
90 20 400
90 38 320
89 14 328
89 12 432
88 12 444
86 36 403
85 41 432
85 22 322
84 32 428
83 39 400
83 9 373
82 9 434
81 29 427
81 2 433
80 3 377
79 17 387
79 7 340
77 21 260
76 26 434
76 12 447
73 36 348
72 32 278
71 30 300
71 24 347
71 30 414
69 3 262
69 2 211
68 8 323
67 14 391
67 4 402
63 21 352
61 23 321
61 5 281
61 18 430
60 12 392
60 8 253
59 18 423
58 20 372
57 2 259
57 27 262
57 17 360
57 28 198
56 5 383
56 12 181
56 5 174
56 11 257
56 28 210
55 21 231
53 3 376
53 24 256
53 25 233
51 16 191
51 16 308
49 25 185
48 5 153
48 4 222
47 19 370
47 20 292
47 20 169
47 18 341
46 3 287
46 7 343
45 12 205
45 3 240
44 8 248
44 9 258
43 2 319
43 14 432
42 17 175
42 11 391
39 19 217
38 6 267
38 3 269
37 3 239
36 4 196
35 4 221
33 1 158
32 16 181
31 14 190
30 12 370
30 1 231
