100

98 48 422
97 16 548
97 39 378
97 23 360
96 40 276
95 6 365
95 46 500
95 31 369
95 5 299
93 4 592
92 15 477
88 2 333
87 41 257
86 20 305
86 34 432
85 23 465
81 24 342
81 20 630
80 1 582
78 9 720
78 24 737
78 13 591
77 22 323
77 31 616
76 18 438
75 36 588
74 35 434
72 18 737
71 13 693
70 17 559
70 34 539
69 9 277
69 21 512
67 16 744
67 8 687
67 27 674
65 1 480
65 7 398
65 8 309
64 16 730
64 31 425
63 19 707
62 28 583
58 17 725
58 28 565
56 7 271
56 22 697
56 6 506
55 16 239
52 8 330
51 20 462
50 4 429
50 3 281
50 2 458
49 23 254
49 1 409
47 12 696
45 6 235
43 15 276
43 6 543
43 1 233
42 6 320
41 4 285
40 10 554
40 10 334
40 18 254
39 6 286
38 3 444
36 3 313
35 16 293
33 15 238
33 7 588
32 8 304
30 15 657
29 11 486
28 7 278
28 5 646
25 6 481
25 7 597
22 2 654
22 3 338
20 3 419
20 4 700
18 3 392
17 8 231
16 6 396
15 7 349
11 4 466
11 2 560
10 4 341
8 3 684
5 1 591
5 2 723
5 3 696
4 2 430
4 2 363
2 1 748
2 1 564
2 1 657
1 1 632
