100

99 42 314
99 26 308
97 14 294
97 4 437
96 33 415
96 40 450
96 26 348
94 32 336
93 43 425
93 13 416
92 3 288
90 38 296
90 11 408
90 41 367
89 15 288
88 28 366
88 34 365
87 12 390
83 38 386
82 22 393
81 37 300
81 19 312
81 27 429
80 37 443
79 39 398
78 10 430
77 10 306
77 15 426
76 8 395
76 3 365
75 37 433
74 17 425
74 23 431
74 14 371
71 19 380
69 27 324
69 18 240
68 3 433
67 19 447
67 10 340
66 19 265
62 17 283
59 15 332
58 27 408
57 5 234
56 11 173
55 22 303
54 20 382
54 14 395
53 16 341
53 27 309
52 14 264
52 22 428
49 19 385
49 8 229
48 6 419
47 8 363
46 21 237
45 16 237
44 20 348
43 11 161
43 5 374
42 5 141
42 1 133
39 13 222
38 3 164
37 17 190
35 4 362
35 10 220
34 8 190
32 7 141
32 1 280
31 5 138
31 16 103
30 14 181
29 10 356
24 11 256
24 6 107
21 10 314
21 5 248
21 8 317
20 6 146
18 9 186
16 8 195
13 7 202
12 4 281
11 3 426
9 1 91
7 2 371
7 4 149
7 2 217
6 3 217
5 3 180
5 3 127
4 1 160
4 1 86
2 1 113
2 1 127
1 1 351
1 1 178
