100

99 33 175
99 43 201
98 20 174
97 32 341
96 36 381
93 27 219
92 39 326
92 32 177
91 37 440
91 6 401
91 2 233
90 42 254
90 44 187
90 42 346
89 24 211
88 23 341
88 34 375
87 37 179
85 41 314
85 33 383
84 35 273
84 22 444
84 7 341
82 4 360
80 31 218
80 14 410
80 5 352
80 31 435
78 4 276
77 10 263
76 8 424
75 6 201
74 16 222
73 10 353
72 28 432
70 22 439
70 27 343
69 2 197
68 16 423
68 14 401
67 17 307
66 15 423
65 23 206
65 2 361
65 9 444
65 31 374
64 2 169
62 3 399
59 2 223
59 13 364
59 23 335
58 6 348
58 26 274
57 21 185
57 5 399
56 10 404
56 1 214
56 7 275
55 6 240
55 17 332
54 2 223
51 9 174
51 13 342
50 24 229
49 10 293
48 15 270
46 10 332
46 4 365
46 23 343
46 13 389
46 15 358
46 9 378
45 12 426
44 17 236
44 8 200
41 9 344
41 9 385
41 1 388
41 16 362
40 4 365
40 3 411
39 2 191
39 8 331
38 3 206
37 4 192
36 6 358
36 1 179
36 3 235
35 2 205
35 4 349
35 13 399
35 12 249
34 11 204
34 11 275
34 4 261
34 10 334
32 2 370
32 4 448
31 11 247
30 15 391
