100

100 37 424
99 13 549
98 32 379
96 22 361
96 4 278
96 25 366
96 6 501
96 30 370
96 27 301
94 35 592
93 34 478
93 44 335
92 33 259
92 1 307
92 29 433
91 11 466
91 44 343
91 34 630
90 8 583
87 22 720
84 2 737
83 5 592
83 17 325
79 32 617
78 1 439
78 24 589
77 35 435
77 17 737
76 9 693
76 38 560
75 11 539
75 33 278
75 22 512
73 14 744
73 16 687
73 27 674
72 8 481
72 14 399
72 26 311
72 9 730
72 10 426
71 7 707
71 19 583
70 9 725
70 20 566
66 31 273
66 15 697
65 22 507
64 14 241
63 25 332
59 10 463
58 16 430
57 16 283
56 22 459
56 13 256
55 14 411
55 27 697
54 2 237
53 20 278
53 4 544
52 14 235
51 26 322
49 21 286
47 7 555
46 14 336
46 6 256
45 5 288
44 12 445
43 18 314
43 8 295
42 13 240
41 8 589
41 5 306
39 9 657
39 4 487
38 10 280
37 19 646
35 18 482
35 17 598
34 10 654
34 2 339
33 1 420
33 15 700
32 13 393
32 3 233
32 10 398
32 13 351
31 16 467
30 6 561
30 6 343
29 5 684
28 9 592
24 9 723
23 4 696
22 10 431
22 11 364
22 10 748
22 9 564
21 9 658
20 2 633
