100

99 19 423
99 19 549
98 15 379
97 21 360
96 14 277
93 7 366
92 1 500
92 24 369
91 16 300
91 21 592
91 26 477
90 15 334
90 24 258
90 18 306
89 19 432
88 10 465
88 21 342
87 15 630
85 26 582
85 10 720
84 4 737
84 14 592
84 15 324
82 7 617
80 24 439
80 10 588
80 1 435
80 6 737
78 15 693
77 10 560
76 14 539
75 9 277
74 5 512
73 7 744
72 7 687
70 2 674
70 13 480
69 13 398
68 21 310
68 12 730
67 3 426
66 16 707
65 3 583
65 18 725
65 1 566
65 6 272
64 5 697
62 13 506
59 4 240
59 16 331
59 11 463
58 8 429
58 5 282
57 12 459
57 13 255
56 9 410
56 3 697
56 6 236
55 17 277
55 6 544
54 13 234
51 2 321
51 6 286
50 12 555
49 11 335
48 4 255
46 8 287
46 12 445
46 14 313
46 9 294
46 7 239
46 4 589
45 4 305
44 10 657
44 5 487
41 8 279
41 10 646
41 4 481
41 5 597
40 10 654
40 8 338
39 2 420
39 4 700
38 2 393
37 3 232
36 9 397
36 5 350
36 2 467
35 10 561
35 2 342
35 2 684
35 3 591
34 3 723
34 1 696
34 9 430
34 10 364
32 5 748
32 5 564
31 4 658
30 8 632
