100

99 24 314
97 26 302
96 19 291
96 29 436
96 2 415
95 10 450
95 16 346
95 14 338
95 7 426
94 27 417
94 26 293
93 13 304
92 24 410
92 15 369
92 9 296
91 9 370
91 3 369
91 7 394
90 9 393
89 10 399
89 19 318
89 20 328
88 11 431
88 3 444
88 18 405
87 5 433
86 23 324
86 9 429
85 17 402
85 18 375
84 6 435
83 9 428
82 4 433
81 13 378
81 8 389
77 14 336
77 17 260
76 7 434
76 21 447
75 1 351
73 9 281
73 15 304
73 19 350
72 13 414
72 15 269
72 9 220
72 17 329
70 11 393
69 11 403
67 5 356
66 10 328
65 10 288
65 8 431
64 19 394
62 19 257
61 15 423
60 5 374
58 3 261
57 3 262
56 10 359
55 2 193
53 12 381
52 7 169
52 16 162
52 15 248
48 2 189
48 1 215
46 12 370
45 7 240
43 8 210
42 9 167
39 11 290
39 2 159
38 1 124
38 9 199
38 9 363
38 11 278
37 2 142
36 5 330
35 3 270
34 1 331
34 11 179
32 10 214
31 5 224
30 8 233
30 4 303
28 1 429
27 3 137
27 9 382
27 6 191
25 8 246
24 1 246
24 2 215
24 5 169
23 2 198
23 2 134
22 6 158
22 3 171
22 6 365
21 7 215
