100

99 26 423
99 36 549
97 31 379
97 45 360
96 39 277
96 28 366
96 20 500
94 25 369
93 31 300
93 11 592
92 11 477
90 37 334
90 27 258
90 11 306
89 45 432
88 42 465
88 5 342
87 30 630
83 20 582
82 23 720
81 3 737
81 37 592
81 11 324
80 33 617
79 36 439
78 24 588
77 37 435
77 18 737
76 30 693
76 37 560
75 38 539
74 37 277
74 20 512
74 3 744
71 11 687
69 18 674
69 17 480
68 5 398
67 14 310
67 16 730
66 32 426
62 24 707
59 29 583
58 10 725
57 13 566
56 15 272
55 19 697
54 20 506
54 1 240
53 3 331
53 14 463
52 5 429
52 24 282
49 14 459
49 25 255
48 17 410
47 13 697
46 1 236
45 8 277
44 5 544
43 1 234
43 18 321
42 8 286
42 17 555
39 12 335
38 11 255
37 8 287
35 12 445
35 4 313
34 2 294
32 11 239
32 15 589
31 5 305
31 7 657
30 15 487
29 12 279
24 12 646
24 2 481
21 1 597
21 6 654
21 4 338
20 3 420
18 6 700
16 8 393
13 1 232
12 2 397
11 2 350
9 4 467
7 2 561
7 3 342
7 3 684
6 3 591
5 3 723
5 2 696
4 1 430
4 2 364
2 1 748
2 1 564
1 1 658
1 1 632
