100

100 6 329
99 24 347
99 16 376
98 5 323
98 21 323
97 30 302
95 18 328
95 10 368
95 14 286
94 5 434
94 25 358
94 29 423
94 11 380
93 19 306
93 3 438
92 4 303
91 13 413
90 5 398
90 19 404
90 23 376
90 20 313
89 24 397
89 26 317
88 27 351
86 13 424
85 6 359
85 3 314
84 7 356
83 19 258
83 19 447
82 18 395
81 8 433
81 23 247
80 16 262
79 12 269
79 24 306
77 6 445
76 3 434
76 10 241
73 7 374
72 5 234
71 18 418
71 7 292
71 13 267
69 5 388
69 17 445
68 10 427
67 4 274
67 15 232
63 1 450
61 8 207
61 4 306
61 3 411
60 18 364
60 11 448
59 6 315
58 4 225
57 7 177
57 12 332
57 15 290
57 7 232
56 5 202
56 12 349
56 14 191
56 15 309
56 12 241
55 3 172
53 1 199
53 8 392
53 1 270
51 15 258
51 3 434
49 6 257
48 13 171
48 1 254
47 13 176
47 13 192
47 11 221
47 12 227
46 12 443
46 10 372
45 14 418
45 4 261
44 5 170
44 8 302
43 6 335
43 2 254
42 1 359
42 3 305
39 3 415
38 11 234
38 7 260
37 11 353
36 5 328
35 4 237
33 3 253
32 2 103
31 9 106
30 7 308
30 8 173
