100

98 26 175
97 49 200
97 30 173
97 17 341
96 47 381
95 32 218
95 48 325
95 30 176
95 13 440
93 40 401
92 44 232
88 25 254
87 19 186
86 23 346
86 17 210
85 37 340
81 32 375
81 18 178
80 23 313
78 39 383
78 14 272
78 3 444
77 29 341
77 8 359
76 22 217
75 17 410
74 31 351
72 3 435
71 21 275
70 20 262
70 22 424
69 24 201
69 31 221
67 1 353
67 11 432
67 28 439
65 28 343
65 10 196
65 2 423
64 14 401
64 10 307
63 1 423
62 1 205
58 15 361
58 9 444
56 3 374
56 6 168
56 16 399
55 1 222
52 11 364
51 23 334
50 19 348
50 2 274
50 17 184
49 5 398
49 11 403
47 23 214
45 23 274
43 11 239
43 5 331
43 13 222
42 18 173
41 11 342
40 9 228
40 19 292
40 1 269
39 15 332
38 17 365
36 16 343
35 7 389
33 1 358
33 10 378
32 5 426
30 9 235
29 12 199
28 8 343
28 13 385
25 2 388
25 4 362
22 11 365
22 2 411
20 6 190
20 2 330
18 2 205
17 3 191
16 3 357
15 7 178
11 3 234
11 6 204
10 5 349
8 3 399
5 2 248
5 1 203
5 1 274
4 2 260
4 1 334
2 1 369
2 1 448
2 1 246
1 1 390
