100

100 16 329
99 23 347
99 42 376
98 24 323
97 49 320
97 3 302
97 47 333
96 1 369
96 44 289
95 1 435
95 11 360
95 41 424
94 46 380
93 33 306
93 18 438
93 26 305
92 40 413
91 24 399
89 41 403
88 15 374
87 4 306
86 27 394
84 19 306
84 12 344
83 42 423
83 20 356
82 26 307
81 26 351
81 31 252
81 11 447
78 15 392
78 35 432
75 2 229
74 29 246
73 19 254
72 8 291
72 6 445
71 15 433
70 9 224
68 30 369
67 30 221
66 29 416
65 32 280
64 17 251
63 5 383
63 8 444
62 23 426
60 22 260
60 3 214
59 9 450
59 5 201
58 13 302
57 1 409
56 4 360
56 11 448
55 10 309
54 18 215
51 5 160
49 2 322
49 22 276
48 16 211
47 21 179
47 20 339
46 1 164
45 18 292
45 2 217
45 3 143
45 9 178
44 21 387
44 17 253
44 16 245
44 8 433
43 22 245
41 6 152
41 5 241
40 12 158
39 17 172
39 1 203
39 13 209
37 8 442
37 16 366
37 18 415
35 11 243
35 3 146
34 11 289
32 13 323
31 9 232
31 13 350
30 11 288
28 13 411
26 8 211
25 13 238
24 4 341
24 10 315
23 9 215
23 9 236
22 2 74
21 5 77
20 9 296
20 8 150
