100

100 27 424
99 17 549
98 13 379
96 23 361
96 22 278
96 20 366
96 3 501
96 19 370
96 14 301
94 8 592
93 9 478
93 4 335
92 21 259
92 14 307
92 24 433
91 8 466
91 6 343
91 28 630
90 2 583
87 14 720
84 9 737
83 18 592
83 13 325
79 6 617
78 10 439
78 8 589
77 1 435
77 19 737
76 10 693
76 15 560
75 9 539
75 15 278
75 1 512
73 6 744
73 21 687
73 7 674
72 5 481
72 10 399
72 19 311
72 8 730
72 8 426
71 2 707
71 8 583
70 11 725
70 6 566
66 6 273
66 6 697
65 12 507
64 10 241
63 8 332
59 7 463
58 11 430
57 13 283
56 4 459
56 2 256
55 15 411
55 2 697
54 17 237
53 16 278
53 13 544
52 2 235
51 9 322
49 2 286
47 12 555
46 6 336
46 7 256
45 7 288
44 9 445
43 8 314
43 13 295
42 9 240
41 2 589
41 11 306
39 2 657
39 6 487
38 8 280
37 2 646
35 10 482
35 1 598
34 10 654
34 3 339
33 5 420
33 7 700
32 7 393
32 10 233
32 6 398
32 2 351
31 10 467
30 5 561
30 1 343
29 3 684
28 1 592
24 7 723
23 1 696
22 5 431
22 2 364
22 4 748
22 4 564
21 3 658
20 2 633
