100

100 8 332
100 25 507
99 10 412
99 27 469
99 24 349
99 28 439
98 8 407
98 7 404
98 21 480
97 3 588
97 25 376
97 30 366
94 22 282
94 6 292
93 8 555
93 25 584
92 7 485
90 10 276
89 25 581
88 16 494
87 13 569
86 6 378
85 25 412
83 25 461
83 11 313
82 15 299
81 16 384
80 19 286
79 24 391
78 6 575
77 2 424
76 9 529
75 14 317
73 11 305
73 19 474
73 20 381
73 13 570
72 4 349
72 4 450
71 4 365
71 15 368
71 3 548
70 13 589
68 2 531
67 2 517
66 14 504
65 4 324
64 10 244
64 13 378
64 14 394
64 5 309
63 19 449
62 18 198
62 4 417
62 9 403
61 11 238
57 15 467
56 10 430
55 5 312
55 9 511
54 10 192
53 10 260
53 7 162
53 15 534
53 11 494
52 15 160
52 8 196
52 3 300
51 7 585
51 13 457
49 10 357
49 7 511
48 13 467
48 14 241
45 7 364
45 3 148
45 5 544
45 3 344
44 14 463
44 12 457
43 11 185
42 12 293
41 12 286
41 7 572
40 3 588
40 5 365
38 12 429
35 10 376
34 3 300
34 7 281
34 5 265
34 11 525
33 6 334
33 2 594
32 5 202
32 3 582
32 9 506
30 3 142
30 2 432
30 7 172
