100

99 7 314
99 19 308
98 1 297
97 29 437
96 7 415
93 12 450
92 22 341
92 13 332
91 1 424
91 28 415
91 15 285
90 17 296
90 24 408
90 24 367
89 25 288
88 7 366
88 4 365
87 18 390
85 7 388
85 20 396
84 9 307
84 9 318
84 24 430
82 5 443
80 20 399
80 15 431
80 2 312
80 1 427
78 21 397
77 12 366
76 3 433
75 2 425
74 4 431
73 22 370
72 12 381
70 9 326
70 18 242
69 21 433
68 2 447
68 11 342
67 11 267
66 14 290
65 10 340
65 19 411
65 16 253
65 12 199
64 3 317
62 18 388
59 14 397
59 10 347
59 12 318
58 6 275
58 17 430
57 7 390
57 16 246
56 2 422
56 5 370
56 6 257
55 15 258
55 14 358
54 14 190
51 11 379
51 8 167
50 5 156
49 14 242
48 8 189
46 13 210
46 3 370
46 12 242
46 3 217
46 11 177
46 11 300
45 9 174
44 3 141
44 1 213
41 6 365
41 10 282
41 9 153
41 5 335
40 12 277
40 3 337
39 5 191
39 7 228
38 10 237
37 11 246
36 8 310
36 1 430
36 7 160
35 11 387
35 10 208
35 11 262
35 7 264
34 4 234
34 3 191
34 6 219
34 8 161
32 2 181
32 10 192
31 8 371
30 9 231
