100

99 9 175
99 27 201
98 4 174
97 11 341
96 28 381
93 10 219
92 9 326
92 7 177
91 28 440
91 27 401
91 7 233
90 19 254
90 8 187
90 13 346
89 25 211
88 1 341
88 7 375
87 11 179
85 15 314
85 13 383
84 24 273
84 25 444
84 2 341
82 20 360
80 20 218
80 20 410
80 8 352
80 21 435
78 23 276
77 19 263
76 17 424
75 15 201
74 16 222
73 1 353
72 11 432
70 13 439
70 8 343
69 4 197
68 1 423
68 2 401
67 10 307
66 6 423
65 15 206
65 10 361
65 20 444
65 1 374
64 10 169
62 14 399
59 3 223
59 7 364
59 4 335
58 3 348
58 14 274
57 11 185
57 8 399
56 7 404
56 17 214
56 15 275
55 1 240
55 7 332
54 17 223
51 8 174
51 9 342
50 5 229
49 7 293
48 13 270
46 4 332
46 5 365
46 10 343
46 2 389
46 4 358
46 11 378
45 14 426
44 10 236
44 3 200
41 12 344
41 9 385
41 10 388
41 1 362
40 8 365
40 1 411
39 3 191
39 8 331
38 7 206
37 4 192
36 10 358
36 4 179
36 7 235
35 8 205
35 11 349
35 4 399
35 5 249
34 6 204
34 3 275
34 6 261
34 8 334
32 2 370
32 5 448
31 9 247
30 7 391
