100

100 23 329
99 15 347
98 10 375
96 8 318
96 8 318
96 4 299
96 2 331
96 1 369
96 29 289
94 18 434
93 19 356
93 19 423
92 17 377
92 10 303
92 6 438
91 20 300
91 7 413
91 25 399
90 23 404
87 8 373
84 10 299
83 21 392
83 12 304
79 2 336
78 19 421
78 17 349
77 8 297
77 3 346
76 2 238
76 3 446
75 15 390
75 7 432
75 12 229
73 13 244
73 3 254
73 10 293
72 16 445
72 6 433
72 16 230
72 20 373
72 17 234
71 15 418
71 2 292
70 3 265
70 17 389
66 15 444
66 6 427
65 7 270
64 6 224
63 14 450
59 12 201
58 9 302
57 12 409
56 6 360
56 11 448
55 16 309
55 9 218
54 2 168
53 4 327
53 16 283
52 2 221
51 12 189
49 4 341
47 11 167
46 7 294
46 5 219
45 1 143
44 2 176
43 3 386
43 9 251
42 9 241
41 6 432
41 7 242
39 10 147
39 6 237
38 1 152
37 1 167
35 1 194
35 7 201
34 10 442
34 2 363
33 8 414
33 2 239
32 10 138
32 9 286
32 5 323
32 1 234
31 1 350
30 2 288
30 8 412
29 7 217
28 1 243
24 1 341
23 2 314
22 6 213
22 1 235
22 1 74
22 3 80
21 5 297
20 6 150
