100

100 12 332
100 24 507
99 45 412
99 35 469
99 42 349
99 49 439
98 21 407
98 33 404
98 12 480
97 36 588
97 17 376
97 25 366
94 21 282
94 18 292
93 38 555
93 7 584
92 35 485
90 27 276
89 11 581
88 30 494
87 43 569
86 6 378
85 21 412
83 18 461
83 11 313
82 8 299
81 39 384
80 2 286
79 8 391
78 1 575
77 23 424
76 4 529
75 7 317
73 2 305
73 5 474
73 33 381
73 20 570
72 16 349
72 25 450
71 26 365
71 7 368
71 33 548
70 2 589
68 10 531
67 7 517
66 9 504
65 24 324
64 2 244
64 23 378
64 19 394
64 29 309
63 18 449
62 7 198
62 26 417
62 23 403
61 28 238
57 10 467
56 3 430
55 6 312
55 17 511
54 27 192
53 12 260
53 25 162
53 14 534
53 27 494
52 2 160
52 22 196
52 18 300
51 8 585
51 20 457
49 10 357
49 18 511
48 20 467
48 23 241
45 2 364
45 17 148
45 9 544
45 16 344
44 10 463
44 16 457
43 22 185
42 5 293
41 20 286
41 9 572
40 15 588
40 14 365
38 5 429
35 1 376
34 8 300
34 15 281
34 17 265
34 10 525
33 10 334
33 13 594
32 6 202
32 8 582
32 6 506
30 12 142
30 9 432
30 15 172
