100

100 29 424
99 24 549
99 5 379
98 23 361
97 42 278
97 8 366
97 13 501
96 31 370
96 5 301
95 13 592
95 41 478
95 10 335
94 46 259
93 3 307
93 27 433
93 46 466
92 17 343
91 10 630
89 23 583
88 10 720
87 28 737
86 10 592
84 23 325
84 16 617
83 37 439
83 12 589
82 13 435
81 31 737
81 39 693
81 40 560
78 28 539
78 17 278
75 37 512
74 9 744
73 8 687
72 16 674
72 20 481
71 20 399
70 18 311
68 34 730
67 3 426
66 21 707
65 23 583
64 15 725
63 6 566
63 16 273
62 25 697
60 26 507
60 15 241
59 28 332
59 18 463
58 6 430
57 18 283
56 24 459
56 6 256
55 14 411
54 27 697
51 10 237
49 13 278
49 19 544
48 8 235
47 13 322
47 13 286
46 3 555
45 7 336
45 9 256
45 11 288
45 20 445
44 18 314
44 17 295
44 12 240
44 6 589
43 1 306
41 17 657
41 19 487
40 11 280
39 2 646
39 8 482
39 16 598
37 3 654
37 5 339
37 13 420
35 7 700
35 18 393
34 17 233
32 10 398
31 8 351
31 9 467
30 3 561
28 12 343
26 11 684
25 12 592
24 5 723
24 5 696
23 11 431
23 9 364
22 7 748
21 2 564
20 9 658
20 4 633
