100

99 12 175
97 32 201
96 16 174
96 17 341
96 11 381
95 5 219
95 17 326
95 2 177
95 27 440
94 6 401
94 36 233
93 4 254
92 42 187
92 32 346
92 30 211
91 9 341
91 22 375
91 12 179
90 27 314
89 16 383
89 24 273
89 19 444
88 14 341
88 44 360
88 43 218
87 26 410
86 41 352
86 26 435
85 24 276
85 15 263
84 35 424
83 20 201
82 37 222
81 34 353
81 10 432
77 13 439
77 25 343
76 22 197
76 36 423
75 30 401
73 24 307
73 23 423
73 28 206
72 32 361
72 13 444
72 35 374
72 29 169
70 8 399
69 6 223
67 26 364
66 16 335
65 15 348
65 27 274
64 14 185
62 9 399
61 25 404
60 10 214
58 8 275
57 17 240
56 23 332
55 26 223
53 26 174
52 11 342
52 7 229
52 14 293
48 5 270
48 13 332
46 19 365
45 18 343
43 6 389
42 15 358
39 1 378
39 18 426
38 14 236
38 16 200
38 5 344
38 12 385
37 9 388
36 8 362
35 1 365
34 11 411
34 12 191
32 15 331
31 16 206
30 10 192
30 15 358
28 3 179
27 11 235
27 4 205
27 13 349
25 4 399
24 4 249
24 8 204
24 7 275
23 12 261
23 8 334
22 3 370
22 10 448
22 6 247
21 6 391
