100

100 21 424
99 21 549
99 10 379
98 24 361
98 2 278
96 7 366
93 15 501
91 7 370
89 18 301
89 9 592
88 11 478
86 23 335
86 10 259
85 10 307
85 14 433
85 8 466
84 9 343
84 24 630
82 3 583
82 2 720
81 6 737
80 17 592
79 10 325
78 13 617
77 20 439
76 8 589
75 1 435
75 3 737
73 7 693
72 19 560
71 21 539
70 12 278
69 19 512
68 2 744
68 8 687
66 5 674
66 6 481
64 9 399
63 6 311
63 18 730
62 4 426
62 13 707
58 4 583
57 12 725
55 1 566
54 12 273
52 12 697
51 16 507
50 12 241
50 9 332
49 14 463
48 15 430
48 9 283
46 10 459
46 7 256
44 7 411
43 13 697
41 13 237
41 2 278
38 3 544
37 6 235
34 6 322
33 1 286
31 6 555
31 6 336
31 8 256
31 3 288
29 5 445
29 7 314
28 3 295
28 9 240
27 9 589
27 5 306
27 2 657
26 1 487
26 7 280
26 4 646
25 4 482
22 7 598
22 5 654
21 7 339
20 4 420
20 5 700
19 2 393
18 2 233
18 3 398
16 5 351
15 1 467
15 4 561
15 3 343
14 3 684
14 4 592
13 4 723
9 2 696
8 1 431
8 1 364
8 3 748
2 1 564
2 1 658
2 1 633
