100

100 27 332
99 25 506
96 7 407
94 16 463
93 24 334
92 14 428
92 20 395
91 6 390
91 5 471
91 21 588
89 3 359
88 25 346
86 23 258
86 5 269
86 7 553
85 5 583
84 1 476
84 4 259
84 2 580
81 17 488
81 18 568
80 15 366
79 5 402
79 23 456
78 7 301
77 4 286
77 9 377
77 11 279
77 18 388
73 2 574
71 21 416
69 9 525
67 3 299
66 18 288
65 18 466
65 17 367
64 5 568
64 15 334
64 10 440
62 12 348
60 18 348
57 9 542
57 9 587
56 8 524
56 14 510
56 11 497
56 16 306
53 14 215
52 1 359
51 11 374
51 3 281
50 15 434
50 2 163
48 15 398
47 10 381
46 13 199
45 1 456
44 9 416
43 1 288
42 8 503
41 6 156
41 13 232
40 10 124
40 10 528
39 12 484
39 7 122
38 9 158
37 8 269
36 8 584
36 3 442
36 10 337
34 1 502
33 5 454
31 4 201
31 6 342
29 7 102
29 2 538
26 2 312
25 4 446
22 4 437
22 4 129
22 7 254
20 5 244
17 5 568
11 1 585
11 4 323
10 2 399
9 3 340
7 3 252
7 2 229
7 1 210
7 3 513
6 1 291
5 2 593
3 1 133
2 1 579
2 1 489
1 1 64
1 1 404
1 1 100
