100

100 32 317
99 34 308
99 5 300
98 1 437
98 17 417
96 2 450
93 7 343
91 45 330
89 27 423
89 8 414
88 23 277
86 41 286
86 2 405
85 31 360
85 16 277
85 32 362
84 20 360
84 3 387
82 23 385
82 41 393
81 38 300
80 8 310
79 37 429
78 34 443
77 8 397
76 27 430
75 6 302
75 27 425
73 33 393
72 19 361
71 19 432
70 2 423
69 29 430
68 5 365
68 25 378
66 32 319
66 15 232
64 27 432
63 16 447
63 29 335
62 14 256
62 15 283
58 24 331
57 13 407
55 28 230
54 14 167
52 17 298
51 6 380
50 16 392
50 22 337
49 9 303
48 10 256
48 8 427
46 3 383
46 4 222
44 3 418
43 20 359
41 21 227
41 20 229
38 10 342
37 17 144
34 2 367
33 6 115
31 7 101
31 2 205
31 14 146
31 5 176
29 8 357
29 10 208
28 7 177
28 9 130
27 12 273
27 14 127
27 2 92
26 11 173
26 9 354
26 11 259
25 9 109
22 11 315
22 11 249
21 4 317
20 4 146
20 2 190
19 9 201
18 2 211
18 3 288
16 2 427
15 1 106
15 2 376
15 2 166
14 2 228
14 2 230
13 6 195
9 2 136
8 1 168
8 3 96
8 4 127
2 1 127
2 1 352
2 1 180
