100

100 27 317
99 9 308
99 16 300
98 7 437
97 22 416
97 8 450
97 40 350
96 46 340
96 42 426
95 40 418
95 46 296
95 38 309
94 29 411
93 40 371
93 36 299
93 20 373
92 32 371
91 44 394
89 15 392
88 7 398
87 4 313
86 14 322
84 14 430
84 19 444
83 37 401
83 4 432
82 13 316
81 27 427
81 1 399
81 13 371
78 34 433
78 17 426
75 18 432
74 37 371
73 2 382
72 23 329
72 32 247
71 7 433
70 31 447
68 14 342
67 12 267
66 12 290
65 27 340
64 21 411
63 17 248
63 24 193
62 16 314
60 9 386
60 14 398
59 8 347
59 30 318
58 29 275
57 8 429
56 2 389
56 6 244
55 9 422
54 22 369
51 16 247
49 16 245
49 7 353
48 1 174
47 22 377
47 5 155
46 7 145
45 13 234
45 15 181
45 22 208
45 8 369
44 17 238
44 8 212
44 2 172
44 22 298
43 13 169
41 8 132
41 13 206
40 7 365
39 1 279
39 20 147
39 19 333
37 4 273
37 7 334
37 16 186
35 5 220
35 18 231
34 12 240
32 1 305
31 9 429
31 6 147
30 7 384
28 9 193
26 8 248
25 5 248
24 9 215
24 5 169
23 10 198
23 6 134
22 2 158
21 3 169
20 1 364
20 4 213
