100

100 44 329
99 7 347
99 13 376
98 45 323
98 5 323
96 3 299
93 30 324
91 24 362
89 5 268
89 6 433
88 29 348
86 9 419
86 32 370
85 35 286
85 33 436
85 15 285
84 7 408
84 25 393
82 1 398
82 30 367
81 17 292
80 28 389
79 4 295
78 10 335
77 15 421
76 18 347
75 2 293
75 38 343
73 20 229
72 25 446
71 2 387
70 34 430
69 33 212
68 18 230
68 29 241
66 14 279
66 27 444
64 26 431
63 20 205
63 27 364
62 6 207
62 28 415
58 26 266
57 15 235
55 27 377
54 17 444
52 4 423
51 21 241
50 24 188
50 21 450
49 15 174
48 23 285
48 6 405
46 2 351
46 23 448
44 7 292
43 18 188
41 20 130
41 18 312
38 13 257
37 1 186
34 1 145
33 2 324
31 15 123
31 4 271
31 4 186
31 2 102
29 3 137
29 12 377
28 10 223
28 5 214
27 4 430
27 14 215
27 5 114
26 10 212
26 12 121
26 3 140
25 7 172
22 3 172
22 10 441
21 2 354
20 8 410
20 10 216
19 9 104
18 9 266
18 8 308
16 4 205
15 4 337
15 4 268
15 1 407
14 1 188
14 6 219
13 6 332
9 1 299
8 1 187
8 4 211
8 3 32
2 1 23
2 1 275
2 1 109
