100

100 48 329
99 14 347
96 12 372
94 24 314
93 15 311
92 36 288
92 44 322
91 1 362
91 20 274
91 22 434
89 31 350
88 10 420
86 39 370
86 23 288
86 41 436
85 24 285
84 11 408
84 17 393
84 35 399
81 1 365
81 14 292
80 17 389
79 20 295
79 19 336
78 7 421
77 14 348
77 27 297
77 33 346
77 34 241
73 17 446
71 22 387
69 15 430
67 26 206
66 13 225
65 27 233
65 18 277
64 14 444
64 20 431
64 1 208
62 10 363
60 14 201
57 1 413
57 7 264
56 16 232
56 20 378
56 13 444
56 7 424
53 26 245
52 5 193
51 16 450
51 23 179
50 17 289
50 10 406
48 20 353
47 2 448
46 5 295
45 21 193
44 6 139
43 10 315
42 20 264
41 4 195
41 15 163
40 9 331
40 11 147
39 20 283
39 7 204
38 8 122
37 10 158
36 18 382
36 7 238
36 10 229
34 4 431
33 7 226
31 9 125
31 7 222
29 5 129
29 3 147
26 9 174
25 7 179
22 3 441
22 4 354
22 1 411
20 6 216
17 7 99
11 2 257
11 1 301
10 3 194
9 1 332
7 2 257
7 4 404
7 1 175
7 4 207
6 3 326
5 1 294
3 1 178
2 1 201
2 1 15
1 1 20
1 1 274
1 1 106
