100

99 24 329
99 1 506
98 8 411
98 1 468
97 3 344
97 3 436
96 20 403
96 26 400
96 18 477
96 25 588
95 6 372
94 25 359
93 14 279
92 10 286
91 25 555
89 10 584
87 23 479
87 16 267
87 23 580
86 20 493
85 5 569
84 9 374
84 16 410
83 14 461
83 20 313
83 17 302
82 2 386
81 14 289
80 4 393
79 17 575
79 18 427
79 12 531
77 18 322
77 11 314
76 17 477
74 15 383
74 10 570
74 1 353
73 2 451
72 15 367
72 10 370
71 1 548
71 1 589
69 8 531
69 15 518
69 9 507
66 7 326
65 17 247
64 5 378
64 2 394
64 16 309
63 15 449
62 12 198
61 1 415
60 7 400
59 6 233
57 5 467
57 7 431
57 3 316
56 6 512
56 10 198
55 12 264
54 1 165
53 11 534
52 1 493
52 13 160
51 6 194
51 14 298
49 6 585
47 5 453
47 1 354
46 3 509
46 5 465
46 4 237
46 8 365
46 9 151
46 14 544
44 11 342
43 2 462
43 3 456
43 1 185
41 2 291
40 10 284
40 3 572
39 5 587
39 3 364
38 5 429
36 6 377
36 5 304
35 5 283
34 10 265
34 8 525
33 5 334
32 8 594
32 8 202
31 2 582
31 3 505
30 6 142
30 8 432
30 1 172
