100

99 24 314
99 27 308
98 20 297
98 14 437
97 4 416
97 5 450
96 2 348
96 14 340
96 9 426
96 12 418
95 5 296
94 1 307
93 8 410
92 6 369
91 14 293
89 10 367
87 24 364
87 5 390
87 17 390
86 26 397
85 15 309
84 23 318
84 12 430
83 3 444
83 14 401
83 23 432
82 21 316
81 6 427
80 6 398
79 13 369
79 9 434
79 2 426
77 22 432
77 16 374
76 14 385
74 12 332
74 21 253
74 21 434
73 8 447
72 5 347
72 3 278
71 7 300
71 18 347
69 5 413
69 4 262
69 14 211
66 9 320
65 16 390
64 9 400
64 7 353
64 7 325
63 6 284
62 16 430
61 8 392
60 4 253
59 15 423
57 5 371
57 12 259
57 6 262
56 16 359
56 2 196
55 7 382
54 11 175
53 6 165
52 5 248
52 6 199
51 11 222
51 15 374
49 12 248
47 6 219
47 3 180
46 13 300
46 1 177
46 6 147
46 2 217
46 11 369
46 6 290
44 12 161
43 9 337
43 8 282
43 9 340
41 7 195
40 5 230
40 3 241
39 4 249
39 4 314
38 12 431
36 11 160
36 5 387
35 3 208
34 2 261
34 3 262
33 8 232
32 8 187
32 8 215
31 9 153
31 7 179
30 6 188
30 6 370
30 1 231
