100

99 30 329
99 23 506
97 17 409
97 35 466
96 47 341
96 17 435
94 44 399
92 10 392
92 16 473
92 16 588
92 32 365
91 3 353
90 17 270
90 4 280
89 10 554
89 13 584
88 10 480
85 33 262
84 12 580
84 32 491
84 10 569
80 26 366
80 35 404
78 35 455
78 29 301
77 9 286
77 13 377
77 6 279
76 7 386
75 21 574
75 8 422
75 17 528
74 10 315
73 29 305
73 26 474
72 11 379
71 9 570
71 17 347
70 17 447
68 25 359
66 20 359
65 6 545
64 22 588
62 23 528
61 31 513
60 12 500
57 6 308
56 12 223
56 12 365
55 1 380
55 4 290
54 7 439
54 16 175
52 6 403
50 17 386
50 25 209
48 11 458
48 9 421
47 18 296
47 22 506
45 21 167
45 13 241
45 3 139
44 14 530
42 16 486
40 8 125
40 8 164
39 9 273
38 14 584
38 5 444
38 5 340
36 2 503
34 5 455
32 9 204
30 13 341
29 8 102
29 12 538
29 5 317
28 11 449
28 1 442
28 12 145
26 1 262
25 3 254
25 4 570
24 11 586
21 4 338
18 2 408
17 3 351
14 2 264
13 4 241
12 2 220
12 6 515
10 5 297
10 1 593
9 4 147
9 1 580
8 3 492
5 2 75
4 2 407
1 1 100
