100

100 1 329
99 5 347
98 3 375
96 14 318
96 15 318
96 27 299
96 23 331
96 41 369
96 43 289
94 29 434
93 17 356
93 31 423
92 26 377
92 3 303
92 10 438
91 29 300
91 6 413
91 30 399
90 34 404
87 1 373
84 16 299
83 37 392
83 38 304
79 35 336
78 8 421
78 20 349
77 5 297
77 23 346
76 28 238
76 10 446
75 7 390
75 7 432
75 24 229
73 29 244
73 27 254
73 33 293
72 35 445
72 13 433
72 20 230
72 18 373
72 26 234
71 8 418
71 2 292
70 13 265
70 31 389
66 32 444
66 2 427
65 3 270
64 15 224
63 32 450
59 20 201
58 23 302
57 19 409
56 18 360
56 13 448
55 13 309
55 26 218
54 13 168
53 2 327
53 13 283
52 13 221
51 22 189
49 7 341
47 4 167
46 7 294
46 21 219
45 15 143
44 10 176
43 10 386
43 19 251
42 11 241
41 12 432
41 2 242
39 14 147
39 9 237
38 16 152
37 18 167
35 3 194
35 18 201
34 2 442
34 9 363
33 10 414
33 17 239
32 1 138
32 7 286
32 1 323
32 14 234
31 11 350
30 3 288
30 5 412
29 14 217
28 5 243
24 5 341
23 12 314
22 7 213
22 3 235
22 4 74
22 3 80
21 9 297
20 7 150
