100

99 12 423
99 42 549
97 17 379
97 19 360
96 43 277
96 26 366
94 24 500
92 2 369
92 38 300
92 23 592
92 9 477
91 35 334
90 5 258
90 44 306
89 12 432
89 45 465
88 29 342
85 36 630
84 12 582
84 24 720
84 4 737
80 5 592
80 31 324
78 12 617
78 20 439
77 15 588
77 36 435
77 28 737
76 21 693
75 29 560
75 12 539
75 10 277
74 34 512
73 18 744
73 19 687
72 11 674
71 10 480
71 35 398
70 23 310
68 6 730
66 30 426
65 4 707
64 3 583
62 31 725
61 4 566
60 30 272
57 10 697
56 3 506
56 2 240
55 13 331
55 24 463
54 12 429
54 18 282
52 10 459
50 1 255
50 12 410
48 11 697
48 17 236
47 13 277
47 13 544
45 19 234
45 10 321
45 4 286
44 6 555
42 4 335
40 20 255
40 16 287
39 13 445
38 8 313
38 4 294
38 11 239
36 12 589
34 9 305
32 8 657
30 15 487
29 11 279
29 7 646
29 2 481
28 11 597
28 12 654
28 4 338
26 11 420
25 5 700
25 3 393
24 8 232
21 8 397
18 7 350
17 1 467
14 2 561
13 3 342
12 3 684
12 2 591
10 4 723
10 2 696
9 2 430
9 4 364
8 4 748
5 2 564
4 1 658
1 1 632
