100

100 42 176
99 36 202
96 22 175
94 47 342
93 18 381
92 5 220
92 31 326
91 27 178
91 45 440
91 43 401
89 2 233
88 26 255
86 3 188
86 1 347
86 10 212
85 38 341
84 25 375
84 26 180
84 23 314
81 25 383
81 35 274
80 22 444
79 29 342
79 7 360
78 18 219
77 20 410
77 9 352
77 37 435
77 32 277
73 15 263
71 27 424
69 19 202
67 5 223
66 12 354
65 19 432
65 22 439
64 31 344
64 11 198
64 4 423
62 7 402
60 9 308
57 28 423
57 5 207
56 13 361
56 19 444
56 11 375
56 3 170
53 5 400
52 10 224
51 8 364
51 2 335
50 5 349
50 19 275
48 13 186
47 1 399
46 21 404
45 15 215
44 2 276
43 6 241
42 12 332
41 16 224
41 7 175
40 2 343
40 17 230
39 10 294
39 3 271
38 18 333
37 5 365
36 2 344
36 9 389
36 11 358
34 13 378
33 16 426
31 2 237
31 12 201
29 1 344
29 14 386
26 7 388
25 3 362
22 8 365
22 1 411
22 1 192
20 7 331
17 7 207
11 6 193
11 6 358
10 5 180
9 2 236
7 3 205
7 1 350
7 1 399
7 1 249
6 2 205
5 3 276
3 1 261
2 1 334
2 1 370
1 1 448
1 1 247
1 1 391
