100

99 23 423
99 42 549
98 46 379
97 21 360
96 20 277
93 47 366
92 25 500
92 4 369
91 2 300
91 22 592
91 36 477
90 27 334
90 21 258
90 5 306
89 36 432
88 9 465
88 28 342
87 33 630
85 25 582
85 8 720
84 34 737
84 17 592
84 22 324
82 35 617
80 29 439
80 11 588
80 10 435
80 14 737
78 20 693
77 24 560
76 15 539
75 9 277
74 28 512
73 3 744
72 7 687
70 27 674
70 31 480
69 6 398
68 18 310
68 11 730
67 15 426
66 4 707
65 13 583
65 19 725
65 10 566
65 26 272
64 10 697
62 29 506
59 27 240
59 9 331
59 1 463
58 13 429
58 10 282
57 21 459
57 3 255
56 15 410
56 25 697
56 13 236
55 5 277
55 7 544
54 3 234
51 13 321
51 13 286
50 17 555
49 9 335
48 13 255
46 20 287
46 23 445
46 11 313
46 11 294
46 9 239
46 7 589
45 8 305
44 12 657
44 8 487
41 2 279
41 2 646
41 20 481
41 12 597
40 3 654
40 14 338
39 10 420
39 10 700
38 16 393
37 18 232
36 16 397
36 1 350
36 16 467
35 7 561
35 18 342
35 10 684
35 10 591
34 17 723
34 10 696
34 11 430
34 11 364
32 16 748
32 13 564
31 5 658
30 15 632
