100

99 4 329
99 22 506
97 6 409
97 12 466
96 5 341
96 11 435
96 17 403
94 14 396
93 2 474
93 27 588
92 5 365
90 23 350
90 21 270
90 6 280
89 8 554
88 1 583
88 12 480
87 7 267
83 20 580
82 5 489
81 7 568
81 24 368
81 5 406
80 21 457
79 13 303
78 20 289
77 15 377
77 19 279
76 11 386
76 15 575
75 21 422
74 23 528
74 10 315
74 22 307
71 10 472
69 16 374
69 11 569
68 13 342
67 6 444
67 18 358
66 6 359
62 8 544
59 11 588
58 1 525
57 3 511
56 16 497
55 11 304
54 6 218
54 8 362
53 1 377
53 14 286
52 4 436
52 1 169
49 3 399
49 8 384
48 11 204
47 6 458
46 6 418
45 12 292
44 7 504
43 4 162
43 11 237
42 8 130
42 13 529
39 5 484
38 7 119
37 8 155
35 8 265
35 1 584
34 5 440
32 5 330
32 10 501
31 9 452
31 9 201
30 4 341
29 5 102
24 3 536
24 5 309
21 4 443
21 2 436
21 1 126
20 6 250
18 6 241
16 4 568
13 2 585
12 2 324
11 2 400
9 3 340
7 3 252
7 3 229
7 2 210
6 1 513
5 2 289
5 1 593
4 2 135
4 2 579
2 1 489
2 1 67
1 1 404
1 1 100
