100

100 39 424
99 13 549
96 31 379
94 42 361
93 21 278
92 39 366
92 31 501
91 33 370
91 38 301
91 13 592
89 29 478
88 13 335
86 23 259
86 2 307
86 39 433
85 2 466
84 14 343
84 15 630
84 19 583
81 28 720
81 39 737
80 1 592
79 32 325
79 6 617
78 35 439
77 26 589
77 37 435
77 34 737
77 20 693
73 20 560
71 12 539
69 6 278
67 9 512
66 13 744
65 15 687
65 12 674
64 9 481
64 19 399
64 27 311
62 31 730
60 18 426
57 5 707
57 13 583
56 16 725
56 10 566
56 14 273
56 21 697
53 10 507
52 2 241
51 1 332
51 3 463
50 3 430
50 17 283
48 10 459
47 1 256
46 8 411
45 23 697
44 3 237
43 11 278
42 19 544
41 21 235
41 4 322
40 7 286
40 13 555
39 6 336
39 3 256
38 10 288
37 3 445
36 5 314
36 6 295
36 18 240
34 2 589
33 16 306
31 16 657
31 12 487
29 4 280
29 7 646
26 12 482
25 11 598
22 8 654
22 2 339
22 5 420
20 9 700
17 6 393
11 3 233
11 2 398
10 2 351
9 4 467
7 3 561
7 3 343
7 1 684
7 4 592
6 3 723
5 1 696
3 2 431
2 1 364
2 1 748
1 1 564
1 1 658
1 1 633
