100

98 39 325
97 30 343
97 2 373
97 6 321
96 22 318
95 38 296
95 17 328
95 18 368
95 27 286
93 41 434
92 31 355
88 23 420
87 30 371
86 29 288
86 43 436
85 9 285
81 34 406
81 18 391
80 30 396
78 1 362
78 14 285
78 7 387
77 15 291
77 8 333
76 36 420
75 25 345
74 5 290
72 18 339
71 21 224
70 29 446
70 17 386
69 2 430
69 1 212
67 10 228
67 26 238
67 23 281
65 17 444
65 8 432
65 32 210
64 31 365
64 2 212
63 8 415
62 30 274
58 7 237
58 1 379
56 17 444
56 27 424
56 27 251
55 1 201
52 16 450
51 4 179
50 15 289
50 6 406
50 4 355
49 8 448
49 17 300
47 17 198
45 9 142
43 22 315
43 8 266
43 21 200
42 8 166
41 15 332
40 2 147
40 10 285
40 17 206
39 1 125
38 9 160
36 11 382
35 11 236
33 7 223
33 15 431
32 9 224
30 12 122
29 1 218
28 14 126
28 7 145
25 6 172
25 4 179
22 9 441
22 7 354
20 5 410
20 6 216
18 7 102
17 3 265
16 2 306
15 6 203
11 2 333
11 4 263
10 4 405
8 2 177
5 3 204
5 2 325
5 2 294
4 1 180
4 2 205
2 1 15
2 1 23
2 1 275
1 1 106
