100

99 39 314
99 50 308
97 27 294
97 3 437
96 45 415
96 19 450
94 40 345
92 33 332
92 35 425
92 43 416
92 32 288
91 21 299
90 9 408
90 5 367
89 21 288
89 9 367
88 43 365
85 39 388
84 22 387
84 6 395
84 28 307
80 29 310
80 40 429
78 34 443
78 14 397
77 21 430
77 15 306
77 3 426
76 7 395
75 4 364
75 38 433
75 3 425
74 17 431
73 12 370
73 35 382
72 19 329
71 4 245
71 1 433
70 26 447
68 4 342
66 13 265
65 16 288
64 21 338
62 12 410
61 24 244
60 20 184
57 13 306
56 19 383
56 7 396
55 20 343
55 2 312
54 7 267
54 13 429
52 24 387
50 23 231
50 14 420
48 14 364
48 16 241
47 4 241
47 22 351
45 8 166
45 20 375
45 9 149
44 8 139
42 5 228
40 7 169
40 16 196
39 18 365
38 7 226
38 1 199
38 7 157
36 1 286
34 12 145
32 11 106
30 6 181
29 14 356
29 13 264
29 6 120
28 11 321
28 3 259
28 9 325
26 4 160
25 4 200
25 2 212
24 3 222
21 9 292
18 2 427
17 2 111
14 5 375
13 4 162
12 1 225
12 2 227
10 5 189
10 3 138
9 2 170
9 5 99
8 1 127
5 1 134
4 1 353
1 1 178
