100

99 16 175
99 24 201
98 10 174
98 19 341
97 2 381
97 21 219
96 27 326
96 28 177
96 4 440
96 13 401
95 11 233
94 5 254
93 27 187
92 22 346
91 10 211
89 21 341
87 20 375
87 9 179
87 1 314
86 15 383
85 26 273
84 3 444
84 21 341
83 21 360
83 5 218
83 17 410
82 6 352
81 13 435
80 8 276
79 17 263
79 2 424
79 17 201
77 15 222
77 11 353
76 7 432
74 23 439
74 12 343
74 18 197
73 14 423
72 8 401
72 18 307
71 15 423
71 19 206
69 15 361
69 9 444
69 20 374
66 2 169
65 14 399
64 10 223
64 18 364
64 14 335
63 9 348
62 7 274
61 5 185
60 3 399
59 2 404
57 8 214
57 7 275
57 7 240
56 17 332
56 17 223
55 14 174
54 12 342
53 14 229
52 12 293
52 14 270
51 3 332
51 9 365
49 7 343
47 9 389
47 11 358
46 6 378
46 9 426
46 5 236
46 1 200
46 11 344
46 6 385
44 9 388
43 9 362
43 4 365
43 3 411
41 11 191
40 4 331
40 1 206
39 8 192
39 5 358
38 2 179
36 10 235
36 1 205
35 1 349
34 5 399
34 7 249
33 7 204
32 7 275
32 1 261
31 3 334
31 5 370
30 9 448
30 5 247
30 8 391
