100

99 14 175
99 35 201
98 15 174
98 40 341
97 7 381
97 14 219
96 46 326
96 3 177
96 41 440
96 30 401
95 46 233
94 34 254
93 3 187
92 42 346
91 4 211
89 14 341
87 24 375
87 23 179
87 30 314
86 8 383
85 33 273
84 26 444
84 7 341
83 7 360
83 29 218
83 17 410
82 8 352
81 39 435
80 38 276
79 17 263
79 18 424
79 4 201
77 34 222
77 8 353
76 24 432
74 29 439
74 36 343
74 7 197
73 36 423
72 27 401
72 7 307
71 17 423
71 17 206
69 4 361
69 9 444
69 11 374
66 1 169
65 22 399
64 23 223
64 21 364
64 3 335
63 31 348
62 17 274
61 27 185
60 6 399
59 13 404
57 14 214
57 19 275
57 4 240
56 24 332
56 16 223
55 3 174
54 22 342
53 19 229
52 23 293
52 13 270
51 19 332
51 8 365
49 10 343
47 18 389
47 10 358
46 11 378
46 9 426
46 13 236
46 10 200
46 18 344
46 16 385
44 11 388
43 11 362
43 12 365
43 7 411
41 3 191
40 4 331
40 10 206
39 15 192
39 14 358
38 16 179
36 4 235
36 1 205
35 6 349
34 14 399
34 9 249
33 17 204
32 2 275
32 10 261
31 15 334
31 12 370
30 7 448
30 13 247
30 1 391
