100

100 19 176
99 18 202
99 19 175
98 18 342
98 15 381
96 37 220
93 2 326
91 40 178
89 40 440
89 10 401
88 37 233
86 28 255
86 24 188
85 11 347
85 42 212
85 24 341
84 30 375
84 26 180
82 35 314
82 14 383
81 37 274
80 21 444
79 26 342
78 10 360
77 37 219
76 20 410
75 32 352
75 22 435
73 7 277
72 27 263
71 35 424
70 35 202
69 20 223
68 31 354
68 31 432
66 29 439
66 2 344
64 23 198
63 4 423
63 16 402
62 16 308
62 13 423
58 16 207
57 1 361
55 22 444
54 22 375
52 22 170
51 10 400
50 3 224
50 16 364
49 3 335
48 11 349
48 20 275
46 2 186
46 18 399
44 14 404
43 18 215
41 16 276
41 3 241
38 2 332
37 13 224
34 17 175
33 16 343
31 2 230
31 3 294
31 15 271
31 10 333
29 14 365
29 3 344
28 3 389
28 10 358
27 2 378
27 5 426
27 6 237
26 8 201
26 5 344
26 5 386
25 3 388
22 11 362
22 1 365
21 8 411
20 6 192
20 2 331
19 7 207
18 5 193
18 7 358
16 2 180
15 4 236
15 3 205
15 1 350
14 7 399
14 3 249
13 3 205
9 4 276
8 3 261
8 3 334
8 3 370
2 1 448
2 1 247
2 1 391
