100

99 11 329
98 49 505
98 1 411
98 33 468
93 20 334
93 45 430
92 3 395
90 26 388
90 9 470
89 40 588
89 16 359
87 23 344
85 24 255
85 28 266
84 20 552
81 15 582
81 34 473
81 16 250
80 39 579
77 13 484
76 25 566
75 22 357
75 9 396
74 1 450
74 33 291
73 14 276
71 30 366
70 9 260
70 19 376
69 21 573
68 26 412
67 17 524
67 20 299
67 18 291
66 3 467
66 31 369
65 19 568
65 1 336
64 28 440
63 5 350
62 22 352
62 6 544
61 12 588
61 30 527
59 26 512
58 20 499
57 3 308
57 21 226
57 3 367
56 20 382
55 2 290
54 10 439
54 6 175
54 2 406
52 15 389
52 7 214
52 17 462
52 16 425
52 16 306
51 5 509
51 22 184
50 16 253
50 20 154
50 13 533
49 23 491
47 13 145
47 23 183
47 15 290
47 10 585
47 10 453
45 14 351
45 19 508
44 7 463
43 12 230
42 2 359
42 6 140
39 2 542
39 6 334
39 15 458
39 13 452
39 11 174
39 1 287
38 16 280
37 6 572
37 15 587
37 16 361
34 12 425
33 11 373
33 11 298
32 1 277
32 4 261
31 12 524
31 10 331
31 8 594
29 4 194
28 3 582
28 11 504
27 12 134
25 2 427
22 2 152
