100

100 21 317
100 22 311
99 10 300
99 3 437
98 18 417
98 5 450
98 23 352
96 13 340
96 2 426
95 13 418
94 8 293
94 16 307
93 4 410
93 4 371
92 22 296
92 27 371
91 5 369
91 22 394
90 12 393
89 22 399
88 24 315
88 20 326
88 20 431
88 13 444
88 19 405
87 10 433
86 22 324
86 8 429
85 12 402
85 2 375
85 12 435
85 13 428
84 5 434
84 6 381
84 10 392
83 6 346
83 21 276
83 14 436
81 19 448
80 7 357
80 16 296
80 6 317
79 3 358
77 7 417
77 22 281
75 9 229
75 10 334
74 12 396
72 22 405
72 9 362
69 19 332
68 6 294
68 5 432
66 18 396
65 1 264
65 6 425
64 11 377
64 12 274
63 2 274
61 10 364
61 19 209
60 12 386
60 1 192
58 4 180
58 12 261
58 7 215
58 1 238
57 1 379
57 18 264
56 16 239
56 17 204
55 11 313
54 1 198
49 8 156
49 10 224
47 8 370
47 8 292
47 5 169
46 13 340
45 4 285
44 1 341
43 9 200
42 8 234
42 6 245
41 10 253
40 1 315
40 7 431
36 2 160
34 8 386
34 6 206
33 10 259
33 1 261
32 8 230
32 3 187
32 8 215
32 4 156
32 7 181
31 9 190
30 5 370
30 6 231
