100

100 21 422
100 27 378
99 7 349
99 40 336
98 41 445
98 23 346
98 34 421
96 38 425
96 22 400
95 26 308
94 9 292
94 13 299
93 2 360
93 24 340
92 26 369
92 29 401
91 32 308
91 25 313
90 3 422
89 45 345
88 6 289
88 42 418
88 23 435
88 38 443
88 39 406
87 28 391
86 7 371
86 24 265
85 40 260
85 25 405
85 21 373
85 28 282
84 21 388
84 42 295
84 21 259
83 19 271
83 18 396
83 14 332
81 25 340
80 25 414
80 5 410
80 8 340
79 21 283
77 13 232
77 31 264
75 13 313
75 32 435
74 12 378
72 30 361
72 26 327
69 35 268
68 11 323
68 19 320
66 24 275
65 22 256
65 14 418
64 6 320
64 30 352
63 21 325
61 29 325
61 23 212
60 14 341
60 28 401
58 9 247
58 28 288
58 3 309
58 1 409
57 14 424
57 15 188
56 21 357
56 19 293
55 25 443
54 26 448
49 5 356
49 3 270
47 7 372
47 20 182
47 10 298
46 22 405
45 22 423
44 19 379
43 16 270
42 17 220
42 2 332
41 20 376
40 14 124
40 4 413
36 12 121
34 2 238
34 1 306
33 11 177
33 9 110
32 10 406
32 7 272
32 4 285
32 8 251
32 6 263
31 13 377
30 14 309
30 15 381
