100

99 5 423
97 4 549
96 24 379
96 20 360
96 2 277
95 20 366
95 24 500
95 26 369
95 7 300
94 28 592
94 25 477
93 20 334
92 2 258
92 9 306
92 9 432
91 11 465
91 25 342
91 27 630
90 5 582
89 24 720
89 8 737
89 4 592
88 23 324
88 2 617
88 14 439
87 11 588
86 6 435
86 17 737
85 14 693
85 12 560
84 4 539
83 21 277
82 1 512
81 9 744
81 13 687
77 17 674
77 14 480
76 8 398
76 12 310
75 5 730
73 13 426
73 15 707
73 19 583
72 12 725
72 15 566
72 8 272
72 22 697
70 11 506
69 5 240
67 13 331
66 20 463
65 18 429
65 7 282
64 15 459
62 18 255
61 2 410
60 11 697
58 4 236
57 3 277
56 3 544
55 2 234
53 15 321
52 2 286
52 12 555
52 15 335
48 1 255
48 14 287
46 10 445
45 6 313
43 1 294
42 6 239
39 12 589
39 8 305
38 7 657
38 12 487
38 11 279
38 1 646
37 4 481
36 3 597
35 5 654
34 4 338
34 6 420
32 7 700
31 8 393
30 7 232
30 5 397
28 8 350
27 8 467
27 4 561
27 8 342
25 4 684
24 4 591
24 7 723
24 7 696
23 6 430
23 5 364
22 7 748
22 2 564
22 3 658
21 4 632
