100

100 12 176
99 10 202
99 19 175
98 16 342
98 30 381
97 21 220
95 18 326
95 12 178
95 15 440
94 20 401
94 7 233
94 10 255
94 29 188
93 5 347
93 13 212
92 14 341
91 19 375
90 7 180
90 23 314
90 14 383
90 9 274
89 3 444
89 4 342
88 25 360
86 3 219
85 5 410
85 20 352
84 10 435
83 3 277
83 16 263
82 4 424
81 3 202
81 11 223
80 2 354
79 17 432
79 1 439
77 9 344
76 7 198
76 18 423
73 7 402
72 2 308
71 8 423
71 15 207
71 16 361
69 1 444
69 6 375
68 1 170
67 3 400
67 14 224
63 9 364
61 8 335
61 19 349
61 17 275
60 3 186
60 14 399
59 9 404
58 7 215
57 5 276
57 1 241
57 10 332
57 7 224
56 3 175
56 12 343
56 6 230
56 4 294
56 15 271
55 4 333
53 13 365
53 16 344
53 9 389
51 11 358
51 8 378
49 13 426
48 5 237
48 3 201
47 15 344
47 14 386
47 10 388
47 6 362
46 8 365
46 9 411
45 13 192
45 10 331
44 13 207
44 6 193
43 12 358
43 1 180
42 6 236
42 3 205
39 10 350
38 3 399
38 10 249
37 4 205
36 8 276
35 4 261
33 9 334
32 9 370
31 3 448
30 3 247
30 6 391
