100

100 7 329
99 2 347
99 18 376
98 4 323
98 3 323
97 7 302
95 14 328
95 21 368
95 36 286
94 20 434
94 22 358
94 40 423
94 44 380
93 26 306
93 44 438
92 17 303
91 3 413
90 3 398
90 4 404
90 45 376
90 45 313
89 31 397
89 28 317
88 41 351
86 16 424
85 29 359
85 39 314
84 14 356
83 11 258
83 40 447
82 33 395
81 7 433
81 19 247
80 28 262
79 23 269
79 19 306
77 15 445
76 28 434
76 25 241
73 9 374
72 10 234
71 21 418
71 12 292
71 11 267
69 32 388
69 17 445
68 4 427
67 25 274
67 12 232
63 26 450
61 12 207
61 14 306
61 24 411
60 14 364
60 8 448
59 14 315
58 16 225
57 14 177
57 19 332
57 18 290
57 11 232
56 14 202
56 24 349
56 19 191
56 27 309
56 8 241
55 23 172
53 24 199
53 3 392
53 24 270
51 3 258
51 22 434
49 24 257
48 9 171
48 14 254
47 8 176
47 16 192
47 12 221
47 24 227
46 9 443
46 9 372
45 8 418
45 17 261
44 3 170
44 12 302
43 9 335
43 1 254
42 12 359
42 14 305
39 7 415
38 1 234
38 18 260
37 17 353
36 6 328
35 12 237
33 17 253
32 2 103
31 3 106
30 2 308
30 11 173
