100

100 20 317
99 23 308
96 2 291
94 12 436
93 39 413
92 33 450
92 36 341
91 35 330
91 27 424
91 41 415
89 2 279
88 10 291
86 17 405
86 6 361
86 34 280
85 16 362
84 11 360
84 17 387
84 28 387
81 21 393
81 37 300
80 40 310
79 9 429
79 25 443
78 24 397
77 14 430
77 27 306
77 21 426
77 23 396
73 13 362
71 9 432
69 34 423
67 9 430
66 29 363
65 2 375
65 5 318
64 20 227
64 21 432
64 19 447
62 2 334
60 7 252
57 17 273
57 1 329
56 2 407
56 9 232
56 18 173
56 13 305
53 3 381
52 22 393
51 15 338
51 1 306
50 18 260
50 18 428
48 22 384
47 8 224
46 14 419
45 2 361
44 18 233
43 21 233
42 19 346
41 11 155
41 19 372
40 13 135
40 13 127
39 4 222
39 9 166
38 11 192
37 19 363
36 2 222
36 15 195
36 10 151
34 13 283
33 15 143
31 1 103
31 15 184
29 7 356
29 14 264
26 3 112
25 7 318
22 11 249
22 7 318
22 9 151
20 7 190
17 2 197
11 2 199
11 2 280
10 1 426
9 4 91
7 2 371
7 1 149
7 1 217
7 2 218
6 1 182
5 2 127
3 2 158
2 1 81
2 1 113
1 1 125
1 1 351
1 1 178
