100

99 3 314
98 7 305
98 45 297
98 6 437
93 28 413
93 21 450
92 30 341
90 22 328
90 20 424
89 34 414
89 30 279
87 5 289
85 37 405
85 17 360
84 38 275
81 28 356
81 2 356
81 26 384
80 14 383
77 17 389
76 38 289
75 22 300
75 20 427
74 14 443
74 37 395
73 36 429
71 20 294
70 4 424
70 30 391
69 5 357
68 15 431
67 17 422
67 6 430
67 25 364
66 17 376
66 17 319
65 4 229
65 17 432
64 22 447
63 29 335
62 2 256
62 1 283
61 15 335
61 27 409
59 17 239
58 9 178
57 13 306
57 8 384
57 1 396
56 6 344
55 19 312
54 20 267
54 14 429
54 2 388
52 8 235
52 3 421
52 16 367
52 7 249
52 11 252
51 20 354
51 3 182
50 16 379
50 2 164
50 6 156
49 24 242
47 15 187
47 9 213
47 21 371
47 2 244
47 2 219
45 11 175
45 16 299
44 14 172
43 14 138
42 19 208
42 18 366
39 16 279
39 13 147
39 3 333
39 11 276
39 4 336
39 15 191
38 12 226
37 10 235
37 16 246
37 1 312
34 2 430
33 16 152
33 10 386
32 2 202
32 2 257
31 5 257
31 13 228
31 11 185
29 4 209
28 13 146
28 7 172
27 10 182
25 10 367
22 10 216
