100

99 27 314
98 10 305
98 6 297
98 3 437
93 20 413
93 22 450
92 14 341
90 3 328
90 23 424
89 3 414
89 19 279
87 19 289
85 24 405
85 2 360
84 14 275
81 8 356
81 9 356
81 18 384
80 13 383
77 22 389
76 17 289
75 7 300
75 3 427
74 16 443
74 19 395
73 7 429
71 5 294
70 12 424
70 8 391
69 7 357
68 16 431
67 4 422
67 1 430
67 15 364
66 2 376
66 2 319
65 11 229
65 19 432
64 10 447
63 12 335
62 8 256
62 18 283
61 13 335
61 16 409
59 18 239
58 16 178
57 9 306
57 1 384
57 13 396
56 8 344
55 4 312
54 13 267
54 6 429
54 3 388
52 6 235
52 4 421
52 16 367
52 7 249
52 13 252
51 2 354
51 6 182
50 10 379
50 2 164
50 3 156
49 14 242
47 12 187
47 12 213
47 5 371
47 10 244
47 8 219
45 10 175
45 9 299
44 10 172
43 3 138
42 5 208
42 5 366
39 10 279
39 12 147
39 3 333
39 6 276
39 5 336
39 11 191
38 6 226
37 12 235
37 2 246
37 1 312
34 8 430
33 8 152
33 10 386
32 4 202
32 9 257
31 1 257
31 10 228
31 2 185
29 6 209
28 3 146
28 9 172
27 6 182
25 6 367
22 2 216
