100

100 32 332
99 17 506
96 6 407
94 37 463
93 23 334
92 10 428
92 2 395
91 12 390
91 4 471
91 1 588
89 32 359
88 6 346
86 5 258
86 14 269
86 28 553
85 6 583
84 41 476
84 42 259
84 21 580
81 12 488
81 37 568
80 10 366
79 9 402
79 40 456
78 33 301
77 3 286
77 34 377
77 2 279
77 22 388
73 28 574
71 8 416
69 27 525
67 3 299
66 19 288
65 6 466
65 1 367
64 1 568
64 22 334
64 27 440
62 31 348
60 15 348
57 2 542
57 12 587
56 7 524
56 17 510
56 6 497
56 13 306
53 13 215
52 3 359
51 16 374
51 25 281
50 21 434
50 15 163
48 12 398
47 17 381
46 9 199
45 18 456
44 22 416
43 10 288
42 5 503
41 21 156
41 8 232
40 8 124
40 9 528
39 19 484
39 4 122
38 18 158
37 16 269
36 8 584
36 17 442
36 4 337
34 4 502
33 6 454
31 5 201
31 2 342
29 9 102
29 14 538
26 6 312
25 3 446
22 10 437
22 4 129
22 9 254
20 5 244
17 3 568
11 1 585
11 3 323
10 1 399
9 3 340
7 3 252
7 1 229
7 4 210
7 3 513
6 3 291
5 2 593
3 2 133
2 1 579
2 1 489
1 1 64
1 1 404
1 1 100
