100

100 24 424
99 6 549
99 12 379
98 21 361
98 23 278
97 20 366
95 16 501
95 10 370
95 13 301
94 18 592
94 2 478
94 26 335
94 27 259
93 10 307
93 14 433
92 21 466
91 22 343
90 17 630
90 26 583
90 22 720
90 17 737
89 3 592
89 26 325
88 16 617
86 12 439
85 1 589
85 25 435
84 24 737
83 19 693
83 24 560
82 23 539
81 24 278
81 19 512
80 24 744
79 2 687
79 14 674
77 2 481
76 1 399
76 13 311
73 6 730
72 15 426
71 2 707
71 21 583
71 5 725
69 11 566
69 13 273
68 15 697
67 2 507
67 13 241
63 6 332
61 11 463
61 3 430
61 1 283
60 10 459
60 17 256
59 17 411
58 16 697
57 4 237
57 15 278
57 9 544
57 11 235
56 13 322
56 11 286
56 8 555
56 3 336
56 2 256
55 14 288
53 7 445
53 3 314
53 15 295
51 8 240
51 4 589
49 5 306
48 1 657
48 14 487
47 6 280
47 4 646
47 5 482
47 3 598
46 9 654
46 10 339
45 2 420
45 9 700
44 12 393
44 4 233
43 2 398
43 10 351
42 4 467
42 7 561
39 1 343
38 6 684
38 6 592
37 10 723
36 7 696
35 8 431
33 8 364
32 2 748
31 3 564
30 2 658
30 2 633
