100

100 23 424
100 18 549
100 7 379
99 13 361
99 19 278
98 15 366
97 28 501
96 10 370
95 10 301
95 17 592
95 5 478
94 9 335
94 25 259
91 1 307
91 2 433
90 8 466
90 27 343
88 9 630
86 5 583
84 16 720
83 3 737
83 8 592
79 6 325
78 12 617
77 22 439
74 23 589
74 7 435
72 10 737
72 2 693
70 2 560
69 5 539
69 21 278
69 4 512
69 7 744
68 18 687
68 8 674
68 17 481
67 17 399
67 8 311
67 18 730
66 11 426
66 16 707
65 16 583
64 18 725
63 14 566
63 9 273
63 11 697
63 7 507
63 13 241
62 19 332
62 17 463
61 14 430
60 1 283
60 12 459
59 4 256
59 8 411
59 18 697
59 5 237
57 11 278
55 7 544
55 15 235
55 12 322
53 4 286
53 6 555
52 15 336
52 2 256
51 16 288
50 15 445
49 6 314
48 1 295
47 10 240
47 12 589
45 11 306
44 14 657
44 5 487
43 7 280
43 4 646
42 2 482
42 8 598
41 10 654
41 12 339
38 10 420
37 8 700
36 6 393
36 4 233
36 1 398
36 9 351
34 6 467
34 2 561
29 8 343
29 5 684
28 5 592
27 8 723
25 3 696
24 7 431
23 1 364
23 1 748
22 7 564
22 7 658
20 3 633
