100

99 22 327
99 5 347
97 3 373
97 7 321
96 7 318
96 27 299
96 5 331
94 9 366
93 3 280
93 9 434
92 22 355
90 12 421
90 2 375
90 6 298
89 18 437
88 9 292
88 12 411
87 11 396
83 2 398
82 20 367
81 21 292
81 7 390
81 1 300
80 5 338
79 5 421
78 19 349
77 7 297
77 4 346
76 7 238
76 16 446
75 10 390
74 12 431
74 17 226
74 1 246
71 16 249
69 6 285
69 10 444
68 19 432
67 4 216
67 11 368
66 2 218
62 17 415
59 16 268
58 7 237
57 6 379
56 11 444
55 2 424
54 8 247
54 2 198
53 6 450
53 1 185
52 9 292
52 6 407
49 3 354
49 15 448
48 2 298
47 1 198
46 6 145
45 2 317
44 6 268
43 13 200
43 11 168
42 10 334
42 9 153
39 4 283
38 7 201
37 1 119
35 10 153
35 8 381
34 4 234
32 10 221
32 6 431
31 3 223
31 1 125
30 6 220
29 3 129
24 1 135
24 6 169
21 7 170
21 2 441
21 2 354
20 2 410
18 3 212
16 4 96
13 1 259
12 3 302
11 3 196
9 3 332
7 3 257
7 3 404
7 1 175
6 1 205
5 1 325
5 2 294
4 2 180
4 1 205
2 1 15
2 1 23
1 1 274
1 1 106
