100

100 28 317
99 30 308
99 22 300
98 27 437
97 12 416
97 16 450
97 4 350
96 6 340
96 17 426
95 19 418
95 22 296
95 15 309
94 7 411
93 7 371
93 27 299
93 20 373
92 18 371
91 10 394
89 26 392
88 10 398
87 25 313
86 5 322
84 20 430
84 18 444
83 23 401
83 2 432
82 8 316
81 14 427
81 21 399
81 23 371
78 6 433
78 11 426
75 4 432
74 10 371
73 18 382
72 15 329
72 2 247
71 6 433
70 7 447
68 21 342
67 12 267
66 18 290
65 3 340
64 12 411
63 18 248
63 12 193
62 4 314
60 4 386
60 17 398
59 18 347
59 9 318
58 9 275
57 3 429
56 7 389
56 16 244
55 5 422
54 3 369
51 10 247
49 1 245
49 11 353
48 4 174
47 13 377
47 4 155
46 11 145
45 10 234
45 7 181
45 7 208
45 14 369
44 6 238
44 10 212
44 8 172
44 1 298
43 9 169
41 13 132
41 7 206
40 1 365
39 3 279
39 5 147
39 2 333
37 11 273
37 6 334
37 11 186
35 1 220
35 5 231
34 10 240
32 4 305
31 8 429
31 9 147
30 3 384
28 7 193
26 2 248
25 7 248
24 1 215
24 6 169
23 4 198
23 7 134
22 2 158
21 5 169
20 2 364
20 4 213
