100

98 2 326
97 1 504
97 32 409
97 29 466
96 30 341
95 22 433
95 1 401
95 39 398
95 26 476
93 10 588
92 45 365
88 19 346
87 32 261
86 29 269
86 16 553
85 25 583
81 7 473
81 12 250
80 7 579
78 31 485
78 8 567
78 33 362
77 7 399
77 16 454
76 19 296
75 29 281
74 21 371
72 21 266
71 15 377
70 34 573
70 31 414
69 21 525
69 30 304
67 17 291
67 21 468
67 34 371
65 6 568
65 16 336
65 25 442
64 20 352
64 26 355
63 4 545
62 29 588
58 6 525
58 4 511
56 4 497
56 23 306
56 18 223
55 3 364
52 20 375
51 16 281
50 20 434
50 5 163
50 22 401
49 14 384
49 15 207
47 16 458
45 6 417
43 4 288
43 4 504
43 18 162
42 16 234
41 4 127
40 8 528
40 17 485
40 16 125
39 1 161
38 1 271
36 16 584
35 8 441
33 9 332
33 15 501
32 2 453
30 15 199
29 7 339
28 8 99
28 4 538
25 6 311
25 12 446
22 5 437
22 7 129
20 9 250
20 2 244
18 4 568
17 6 586
16 8 330
15 6 405
11 3 343
11 2 259
10 5 235
8 2 212
5 2 512
5 1 289
5 2 593
4 1 135
4 2 579
2 1 489
2 1 67
2 1 405
1 1 100
