100

99 5 423
98 19 549
98 11 379
98 38 360
93 13 277
93 23 366
92 21 500
90 26 369
90 31 300
89 30 592
89 27 477
87 36 334
85 32 258
85 31 306
84 37 432
81 3 465
81 12 342
81 40 630
80 4 582
77 33 720
76 23 737
75 31 592
75 31 324
74 37 617
74 10 439
73 16 588
71 26 435
70 2 737
70 22 693
69 10 560
68 11 539
67 12 277
67 22 512
67 8 744
66 22 687
66 28 674
65 21 480
65 8 398
64 23 310
63 22 730
62 22 426
62 5 707
61 30 583
61 23 725
59 2 566
58 11 272
57 19 697
57 4 506
57 17 240
56 14 331
55 5 463
54 8 429
54 23 282
54 2 459
52 6 255
52 25 410
52 26 697
52 9 236
52 21 277
51 9 544
51 21 234
50 3 321
50 2 286
50 4 555
49 20 335
47 18 255
47 20 287
47 20 445
47 21 313
47 18 294
45 4 239
45 7 589
44 17 305
43 15 657
42 4 487
42 13 279
39 18 646
39 20 481
39 20 597
39 9 654
39 4 338
39 3 420
38 4 700
37 19 393
37 3 232
37 5 397
34 11 350
33 16 467
33 4 561
32 8 342
32 11 684
31 15 591
31 3 723
31 9 696
29 5 430
28 1 364
28 14 748
27 4 564
25 1 658
22 6 632
