100

100 23 317
100 28 311
99 31 300
99 48 437
98 19 417
98 38 450
98 29 352
96 20 340
96 34 426
95 30 418
94 33 293
94 42 307
93 24 410
93 5 371
92 40 296
92 7 371
91 11 369
91 42 394
90 1 393
89 35 399
88 19 315
88 5 326
88 19 431
88 18 444
88 10 405
87 11 433
86 20 324
86 32 429
85 25 402
85 4 375
85 2 435
85 12 428
84 31 434
84 11 381
84 22 392
83 11 346
83 25 276
83 23 436
81 19 448
80 28 357
80 16 296
80 25 317
79 37 358
77 8 417
77 36 281
75 1 229
75 3 334
74 34 396
72 33 405
72 17 362
69 11 332
68 25 294
68 3 432
66 17 396
65 10 264
65 25 425
64 7 377
64 6 274
63 32 274
61 2 364
61 29 209
60 20 386
60 11 192
58 12 180
58 23 261
58 22 215
58 22 238
57 19 379
57 22 264
56 27 239
56 14 204
55 24 313
54 5 198
49 10 156
49 6 224
47 4 370
47 10 292
47 19 169
46 1 340
45 13 285
44 18 341
43 11 200
42 19 234
42 12 245
41 1 253
40 20 315
40 2 431
36 6 160
34 1 386
34 12 206
33 14 259
33 12 261
32 10 230
32 2 187
32 1 215
32 6 156
32 8 181
31 9 190
30 5 370
30 4 231
