100

99 34 327
98 6 345
98 15 375
98 15 323
93 10 311
93 25 291
92 40 322
90 26 360
90 8 271
89 11 433
89 36 350
87 21 420
85 11 368
85 40 286
84 7 436
81 3 275
81 25 406
81 22 391
80 26 396
77 20 360
76 9 281
75 2 385
75 11 286
74 22 328
74 3 419
73 3 342
71 21 284
70 28 336
70 2 221
69 23 446
68 12 384
67 9 430
67 7 206
67 22 228
66 11 236
66 15 279
65 14 444
65 4 432
64 8 208
63 29 364
62 16 207
62 22 415
61 18 272
61 31 244
59 9 380
58 29 444
57 20 424
57 17 253
57 2 206
56 17 450
55 25 190
54 12 295
54 20 408
54 1 358
52 25 448
52 4 304
52 3 210
52 17 162
52 1 326
51 21 280
51 15 218
50 11 187
50 22 342
50 9 175
49 18 298
47 16 221
47 16 149
47 20 184
47 20 388
47 15 259
45 22 247
45 18 433
44 20 247
43 14 158
42 17 243
42 1 163
39 16 172
39 7 203
39 13 209
39 15 443
39 13 367
39 4 416
38 13 248
37 14 152
37 7 293
37 5 329
34 6 238
33 16 352
33 5 292
32 3 412
32 9 223
31 14 248
31 7 347
31 7 322
29 8 226
28 2 245
28 7 91
27 3 95
25 8 302
22 3 155
