100

99 3 327
99 14 347
98 45 375
98 14 323
97 3 320
97 28 302
96 2 331
96 47 369
96 26 289
96 8 435
95 45 360
94 9 423
93 23 379
92 29 303
91 12 438
89 36 295
87 10 410
87 36 396
87 38 401
86 21 371
85 20 301
84 17 392
84 1 306
83 22 343
83 24 423
83 10 356
82 18 307
81 3 351
80 23 249
79 31 447
79 32 393
79 11 433
77 36 235
77 13 254
76 9 261
74 9 295
74 27 445
74 3 434
73 27 233
72 3 373
72 2 234
71 16 418
71 17 292
69 7 263
69 11 388
69 21 445
66 5 427
65 10 270
64 10 224
64 2 450
64 26 215
63 32 310
62 24 411
61 21 365
60 30 448
59 7 315
57 21 223
57 29 177
57 22 332
56 17 288
56 24 230
55 23 200
54 27 346
53 7 183
52 3 303
52 25 232
51 13 160
51 19 194
49 22 390
47 11 259
47 18 250
46 1 433
46 10 251
46 16 166
46 13 250
46 5 174
46 18 190
44 21 214
43 14 218
43 17 443
43 12 370
41 15 416
40 17 252
40 12 160
39 9 295
39 17 331
38 6 245
36 2 354
36 1 296
35 10 413
34 9 227
34 3 253
33 11 349
32 13 323
32 14 232
31 9 250
31 8 100
30 14 103
30 6 308
30 9 173
