100

100 23 332
100 11 507
100 33 414
99 44 469
99 35 349
98 48 438
97 15 405
96 29 400
95 11 476
95 38 588
95 14 372
94 2 359
94 27 282
91 26 283
91 42 555
90 42 584
90 37 483
88 7 270
86 26 580
84 2 491
83 7 568
83 12 372
79 11 402
78 37 455
77 31 299
74 17 279
74 6 371
72 8 266
72 27 379
70 1 573
69 25 413
69 26 525
69 35 304
69 7 295
68 16 469
68 5 372
68 17 569
67 2 340
67 28 444
67 5 358
66 4 359
66 19 546
65 24 588
64 32 529
63 12 514
63 19 502
63 8 320
63 26 242
63 20 377
62 3 391
62 6 305
61 19 446
60 27 192
60 15 414
59 30 399
59 3 233
59 13 469
59 24 434
57 16 316
55 6 511
55 6 195
55 2 264
53 8 162
53 14 534
52 19 493
52 14 160
51 23 194
50 16 296
49 12 585
48 2 454
47 15 354
47 14 510
45 2 464
44 10 232
44 17 362
43 19 143
43 16 543
42 19 339
42 15 461
41 21 454
41 6 179
38 5 285
37 1 278
36 18 572
36 13 587
36 18 360
36 12 427
34 5 374
34 4 300
29 4 271
29 12 255
28 8 523
27 11 324
25 5 594
24 10 183
23 2 581
23 5 501
22 6 121
22 10 424
20 9 147
