100

100 47 176
100 22 202
100 26 175
99 11 342
99 40 381
98 16 220
97 17 326
96 13 178
95 10 440
95 21 401
95 17 233
94 3 255
94 8 188
91 12 347
91 35 212
90 41 341
90 41 375
88 32 180
86 20 314
84 39 383
83 18 274
83 37 444
79 38 342
78 18 360
77 4 219
74 16 410
74 5 352
72 33 435
72 27 277
70 18 263
69 5 424
69 19 202
69 8 223
69 31 354
68 32 432
68 2 439
68 3 344
67 25 198
67 26 423
67 20 402
66 20 308
66 11 423
65 32 207
64 16 361
63 2 444
63 8 375
63 21 170
63 29 400
63 10 224
62 10 364
62 2 335
61 11 349
60 23 275
60 27 186
59 20 399
59 23 404
59 14 215
59 10 276
57 15 241
55 24 332
55 22 224
55 14 175
53 5 343
53 12 230
52 1 294
52 8 271
51 26 333
50 10 365
49 20 344
48 15 389
47 13 358
47 7 378
45 6 426
44 14 237
44 19 201
43 2 344
43 22 386
42 2 388
42 11 362
41 1 365
41 3 411
38 2 192
37 10 331
36 11 207
36 17 193
36 14 358
36 10 180
34 16 236
34 13 205
29 9 350
29 7 399
28 7 249
27 13 205
25 4 276
24 11 261
23 3 334
23 6 370
22 4 448
22 1 247
20 1 391
