100

100 19 176
99 26 202
96 2 175
94 3 342
93 7 381
92 7 220
92 24 326
91 20 178
91 28 440
91 10 401
89 20 233
88 5 255
86 19 188
86 21 347
86 23 212
85 22 341
84 6 375
84 4 180
84 21 314
81 19 383
81 7 274
80 24 444
79 23 342
79 7 360
78 9 219
77 12 410
77 15 352
77 5 435
77 18 277
73 10 263
71 2 424
69 12 202
67 16 223
66 15 354
65 17 432
65 14 439
64 12 344
64 20 198
64 11 423
62 2 402
60 2 308
57 8 423
57 12 207
56 10 361
56 7 444
56 16 375
56 16 170
53 4 400
52 4 224
51 6 364
51 16 335
50 11 349
50 5 275
48 15 186
47 2 399
46 2 404
45 14 215
44 13 276
43 5 241
42 1 332
41 13 224
41 12 175
40 5 343
40 10 230
39 5 294
39 10 271
38 4 333
37 7 365
36 10 344
36 10 389
36 6 358
34 4 378
33 10 426
31 2 237
31 8 201
29 7 344
29 9 386
26 8 388
25 8 362
22 3 365
22 6 411
22 3 192
20 3 331
17 1 207
11 2 193
11 2 358
10 3 180
9 1 236
7 2 205
7 3 350
7 2 399
7 1 249
6 1 205
5 1 276
3 1 261
2 1 334
2 1 370
1 1 448
1 1 247
1 1 391
