100

100 26 332
99 40 506
99 7 412
98 13 468
98 10 346
96 9 435
93 42 397
91 32 390
89 31 469
89 39 588
88 24 357
86 16 341
86 34 258
85 27 266
85 27 552
85 8 583
84 10 476
84 36 259
82 33 579
82 14 489
81 16 568
80 27 366
79 40 402
78 38 455
77 31 299
76 13 284
75 19 373
75 25 273
73 11 381
72 20 574
71 28 416
70 23 525
69 4 304
68 20 293
68 7 469
66 1 369
66 5 568
64 20 334
63 25 439
63 3 350
62 15 352
62 31 544
58 4 588
57 7 525
55 28 509
54 15 496
52 9 298
51 16 210
50 17 356
50 22 372
49 18 277
48 4 432
48 15 157
46 3 395
46 1 380
44 8 194
43 20 454
41 10 412
41 4 284
38 12 501
37 19 145
34 2 216
33 1 103
31 6 524
31 9 478
31 9 98
31 14 139
29 5 253
29 15 583
28 7 434
28 9 324
27 4 498
27 12 448
27 5 192
26 3 335
26 6 93
26 4 537
25 1 311
22 3 443
22 9 437
21 7 126
20 2 250
20 10 244
19 1 569
18 3 586
18 7 333
16 4 406
15 6 349
15 6 266
15 6 244
14 1 224
14 5 516
13 4 302
9 1 593
8 3 145
8 2 580
8 4 492
2 1 67
2 1 405
2 1 102
