100

100 17 176
99 10 202
99 28 175
98 25 342
98 14 381
96 25 220
93 5 326
91 12 178
89 2 440
89 21 401
88 6 233
86 6 255
86 12 188
85 17 347
85 5 212
85 22 341
84 3 375
84 25 180
82 1 314
82 14 383
81 11 274
80 6 444
79 18 342
78 12 360
77 6 219
76 13 410
75 21 352
75 12 435
73 8 277
72 10 263
71 3 424
70 18 202
69 13 223
68 13 354
68 13 432
66 2 439
66 20 344
64 14 198
63 1 423
63 11 402
62 17 308
62 1 423
58 5 207
57 8 361
55 10 444
54 2 375
52 8 170
51 9 400
50 5 224
50 4 364
49 1 335
48 2 349
48 10 275
46 11 186
46 12 399
44 11 404
43 8 215
41 8 276
41 8 241
38 5 332
37 6 224
34 11 175
33 4 343
31 5 230
31 1 294
31 8 271
31 3 333
29 9 365
29 8 344
28 6 389
28 8 358
27 3 378
27 4 426
27 7 237
26 7 201
26 7 344
26 6 386
25 2 388
22 4 362
22 3 365
21 3 411
20 1 192
20 2 331
19 4 207
18 4 193
18 3 358
16 1 180
15 1 236
15 4 205
15 5 350
14 4 399
14 3 249
13 4 205
9 1 276
8 2 261
8 2 334
8 3 370
2 1 448
2 1 247
2 1 391
