100

100 26 424
100 13 549
99 30 379
99 5 361
99 12 278
99 17 366
98 24 501
98 10 370
98 1 301
97 17 592
97 17 478
97 17 335
94 8 259
94 11 307
93 2 433
93 10 466
92 24 343
90 7 630
89 8 583
88 19 720
87 27 737
86 23 592
85 26 325
83 2 617
83 11 439
82 15 589
81 12 435
80 18 737
79 13 693
78 13 560
77 12 539
76 13 278
75 18 512
73 13 744
73 6 687
73 22 674
73 7 481
72 22 399
72 8 311
71 14 730
71 5 426
71 13 707
70 2 583
68 10 725
67 9 566
66 3 273
65 14 697
64 10 507
64 13 241
64 5 332
64 10 463
63 3 430
62 6 283
62 18 459
62 9 256
61 18 411
57 11 697
56 8 237
55 10 278
55 3 544
54 4 235
53 10 322
53 14 286
53 6 555
53 3 336
52 10 256
52 8 288
52 4 445
51 16 314
51 8 295
49 12 240
49 15 589
48 14 306
48 9 657
45 14 487
45 3 280
45 4 646
45 3 482
44 8 598
44 4 654
43 8 339
42 11 420
41 1 700
41 7 393
40 3 233
40 8 398
38 4 351
35 10 467
34 1 561
34 9 343
34 10 684
34 2 592
33 1 723
33 5 696
32 1 431
32 10 364
32 1 748
30 4 564
30 7 658
30 7 633
