100

99 18 327
99 22 347
98 30 375
98 7 323
97 20 320
97 12 302
96 16 331
96 23 369
96 18 289
96 15 435
95 21 360
94 21 423
93 17 379
92 17 303
91 5 438
89 2 295
87 4 410
87 16 396
87 15 401
86 6 371
85 4 301
84 21 392
84 4 306
83 8 343
83 9 423
83 14 356
82 19 307
81 1 351
80 9 249
79 9 447
79 5 393
79 4 433
77 19 235
77 17 254
76 3 261
74 7 295
74 13 445
74 19 434
73 3 233
72 12 373
72 4 234
71 15 418
71 10 292
69 13 263
69 7 388
69 9 445
66 7 427
65 12 270
64 7 224
64 19 450
64 14 215
63 19 310
62 5 411
61 16 365
60 13 448
59 1 315
57 9 223
57 1 177
57 13 332
56 4 288
56 10 230
55 4 200
54 10 346
53 10 183
52 16 303
52 2 232
51 6 160
51 4 194
49 1 390
47 4 259
47 14 250
46 1 433
46 13 251
46 9 166
46 8 250
46 12 174
46 3 190
44 10 214
43 5 218
43 1 443
43 8 370
41 6 416
40 1 252
40 12 160
39 7 295
39 1 331
38 8 245
36 5 354
36 1 296
35 9 413
34 7 227
34 5 253
33 4 349
32 7 323
32 1 232
31 4 250
31 8 100
30 5 103
30 7 308
30 9 173
