100

100 39 176
99 47 202
99 43 175
98 36 342
97 28 381
97 20 220
97 46 326
96 32 178
96 38 440
95 17 401
95 8 233
95 10 255
94 17 188
93 21 347
93 7 212
93 8 341
92 23 375
91 44 180
89 10 314
88 1 383
87 24 274
86 32 444
84 32 342
84 2 360
83 28 219
83 40 410
82 39 352
81 2 435
81 10 277
81 36 263
78 25 424
78 19 202
75 14 223
74 1 354
73 7 432
72 16 439
72 27 344
71 9 198
70 15 423
68 8 402
67 7 308
66 6 423
65 5 207
64 24 361
63 22 444
63 6 375
62 17 170
60 20 400
60 18 224
59 20 364
59 30 335
58 26 349
57 5 275
56 5 186
56 7 399
55 21 404
54 20 215
51 8 276
49 9 241
49 15 332
48 24 224
47 12 175
47 6 343
46 11 230
45 19 294
45 21 271
45 13 333
45 12 365
44 14 344
44 18 389
44 9 358
44 1 378
43 9 426
41 9 237
41 2 201
40 6 344
39 6 386
39 2 388
39 2 362
37 12 365
37 13 411
37 11 192
35 7 331
35 9 207
34 6 193
32 14 358
31 16 180
31 14 236
30 13 205
28 6 350
26 12 399
25 4 249
24 3 205
24 8 276
23 1 261
23 7 334
22 3 370
21 4 448
20 6 247
20 6 391
