100

100 28 588
100 7 609
99 2 489
99 30 529
98 29 549
98 2 389
98 26 352
96 25 410
96 13 622
95 16 599
94 27 646
94 2 600
93 9 322
93 1 488
92 23 618
92 22 230
91 12 723
91 6 257
90 25 517
89 19 381
88 17 700
88 27 355
88 7 742
88 5 338
88 9 334
87 11 481
86 4 272
86 6 729
85 26 305
85 8 542
85 19 449
85 8 643
84 18 683
84 14 518
84 15 698
83 5 543
83 15 650
83 5 343
81 23 291
80 13 580
80 17 734
80 15 570
79 9 470
77 5 391
77 21 594
75 3 512
75 21 257
74 20 723
72 13 588
72 15 264
69 20 541
68 19 590
68 20 624
66 6 744
65 7 646
65 17 682
64 14 436
64 13 546
63 8 397
61 13 376
61 5 621
60 16 481
60 12 623
58 6 709
58 13 438
58 14 700
58 4 352
57 4 261
57 11 520
56 15 677
56 17 555
55 4 671
54 12 642
49 4 480
49 1 426
47 15 466
47 11 710
47 8 398
46 13 671
45 3 385
44 10 376
43 10 445
42 4 282
42 4 437
41 12 607
40 1 320
40 7 520
36 1 459
34 1 390
34 6 553
33 10 294
33 10 311
32 3 230
32 6 461
32 4 650
32 8 601
32 8 718
31 4 332
30 3 710
30 7 558
