100

99 21 329
99 19 506
98 16 411
98 34 468
97 38 344
97 15 436
96 33 403
96 36 400
96 48 477
96 1 588
95 17 372
94 12 359
93 17 279
92 30 286
91 19 555
89 5 584
87 21 479
87 10 267
87 32 580
86 15 493
85 21 569
84 29 374
84 29 410
83 11 461
83 30 313
83 7 302
82 34 386
81 8 289
80 38 393
79 36 575
79 1 427
79 7 531
77 15 322
77 20 314
76 35 477
74 32 383
74 28 570
74 24 353
73 17 451
72 21 367
72 35 370
71 12 548
71 21 589
69 18 531
69 13 518
69 24 507
66 3 326
65 1 247
64 11 378
64 16 394
64 17 309
63 17 449
62 13 198
61 19 415
60 21 400
59 29 233
57 19 467
57 14 431
57 23 316
56 19 512
56 17 198
55 3 264
54 7 165
53 12 534
52 3 493
52 5 160
51 24 194
51 16 298
49 12 585
47 16 453
47 16 354
46 4 509
46 16 465
46 13 237
46 18 365
46 10 151
46 14 544
44 9 342
43 9 462
43 17 456
43 3 185
41 14 291
40 19 284
40 14 572
39 8 587
39 7 364
38 15 429
36 11 377
36 5 304
35 5 283
34 11 265
34 6 525
33 14 334
32 15 594
32 8 202
31 11 582
31 5 505
30 15 142
30 5 432
30 1 172
