100

100 46 332
99 41 506
99 19 412
98 1 468
98 20 346
97 1 436
95 6 401
95 25 398
95 31 476
94 3 588
94 9 370
94 20 359
94 2 282
93 1 289
93 2 555
92 29 584
91 23 484
90 40 276
90 11 581
90 26 496
90 43 570
89 25 384
89 19 419
88 27 467
86 42 321
85 24 307
85 28 391
84 19 297
83 25 398
83 33 576
82 20 432
81 22 532
81 40 331
80 1 321
79 13 480
79 37 391
77 9 571
76 24 357
76 18 455
73 17 368
72 35 370
71 22 548
71 20 589
71 33 532
69 22 518
69 31 507
68 32 330
67 33 252
67 15 383
63 11 392
61 9 303
61 9 446
61 13 195
60 1 414
60 17 400
59 22 233
58 5 468
57 16 431
57 12 316
57 28 512
57 2 201
56 12 267
56 8 171
56 28 536
56 2 496
56 20 172
55 28 205
53 6 302
53 3 585
53 13 458
51 24 361
51 9 512
49 24 468
48 4 241
48 2 368
47 1 154
47 6 545
47 15 347
47 16 465
46 5 459
46 10 192
45 14 299
45 3 294
44 22 573
44 5 588
43 15 370
43 8 434
42 5 385
42 2 315
39 18 290
38 7 273
38 9 527
37 14 340
36 9 594
35 8 209
33 5 582
32 3 506
31 12 145
30 15 432
30 1 172
