100

99 6 423
97 3 549
96 30 379
96 20 360
96 10 277
95 3 366
95 35 500
95 9 369
95 18 300
94 12 592
94 43 477
93 12 334
92 6 258
92 34 306
92 9 432
91 10 465
91 3 342
91 13 630
90 3 582
89 28 720
89 14 737
89 23 592
88 10 324
88 6 617
88 35 439
87 12 588
86 20 435
86 18 737
85 5 693
85 24 560
84 30 539
83 33 277
82 37 512
81 13 744
81 31 687
77 17 674
77 7 480
76 20 398
76 25 310
75 29 730
73 3 426
73 11 707
73 13 583
72 3 725
72 25 566
72 16 272
72 7 697
70 5 506
69 34 240
67 23 331
66 24 463
65 22 429
65 4 282
64 16 459
62 10 255
61 24 410
60 10 697
58 19 236
57 22 277
56 11 544
55 2 234
53 1 321
52 21 286
52 21 555
52 14 335
48 20 255
48 10 287
46 19 445
45 18 313
43 14 294
42 4 239
39 12 589
39 3 305
38 5 657
38 5 487
38 13 279
38 13 646
37 14 481
36 15 597
35 8 654
34 11 338
34 15 420
32 3 700
31 3 393
30 9 232
30 13 397
28 3 350
27 10 467
27 12 561
27 10 342
25 9 684
24 10 591
24 4 723
24 10 696
23 10 430
23 6 364
22 9 748
22 8 564
22 3 658
21 3 632
