100

100 8 422
100 7 378
99 9 349
99 3 336
98 1 445
98 29 346
98 17 421
96 5 425
96 3 400
95 8 308
94 25 292
94 13 299
93 24 360
93 21 340
92 5 369
92 27 401
91 3 308
91 9 313
90 7 422
89 26 345
88 8 289
88 3 418
88 1 435
88 14 443
88 7 406
87 25 391
86 13 371
86 23 265
85 23 260
85 7 405
85 3 373
85 9 282
84 20 388
84 2 295
84 8 259
83 2 271
83 18 396
83 2 332
81 1 340
80 16 414
80 14 410
80 17 340
79 3 283
77 20 232
77 6 264
75 22 313
75 6 435
74 4 378
72 11 361
72 9 327
69 9 268
68 10 323
68 15 320
66 19 275
65 5 256
65 3 418
64 9 320
64 9 352
63 13 325
61 1 325
61 15 212
60 11 341
60 15 401
58 9 247
58 10 288
58 4 309
58 7 409
57 9 424
57 10 188
56 6 357
56 8 293
55 7 443
54 2 448
49 13 356
49 4 270
47 7 372
47 13 182
47 12 298
46 14 405
45 13 423
44 12 379
43 8 270
42 5 220
42 6 332
41 11 376
40 6 124
40 7 413
36 1 121
34 1 238
34 1 306
33 10 177
33 8 110
32 2 406
32 3 272
32 8 285
32 7 251
32 2 263
31 10 377
30 1 309
30 6 381
