100

100 13 317
100 21 311
99 26 300
99 15 437
99 4 417
99 21 450
98 34 352
98 5 344
98 19 427
97 22 419
97 45 302
97 9 314
94 16 411
94 2 372
93 31 299
93 38 373
92 10 371
90 24 393
89 2 392
88 10 398
87 38 313
86 12 322
85 6 430
83 23 444
83 21 401
82 6 431
81 40 314
80 28 427
79 2 397
78 37 367
77 36 433
76 18 425
75 5 432
73 22 370
73 4 382
73 17 330
73 37 250
72 12 434
72 31 447
71 30 345
71 1 276
71 34 300
70 22 346
68 21 412
67 7 258
66 4 202
65 16 318
64 7 389
64 5 400
64 12 353
64 14 325
63 12 284
62 8 430
62 25 393
62 1 257
61 19 423
57 28 371
56 11 257
55 22 258
55 26 358
54 18 190
53 19 381
53 2 172
53 10 165
53 20 250
52 2 199
52 25 224
52 21 375
51 13 252
51 18 228
49 7 185
49 13 305
48 10 182
48 3 153
45 16 215
45 13 369
45 21 289
45 19 164
44 10 338
44 8 284
43 19 340
42 5 198
41 14 232
41 8 243
40 6 251
40 8 315
38 4 431
35 18 157
34 11 386
34 1 206
34 17 261
34 11 262
33 10 232
33 16 189
32 3 215
32 1 156
32 8 181
30 5 188
30 8 370
30 3 231
