100

99 18 329
98 29 505
98 28 411
98 30 468
93 20 334
93 16 430
92 12 395
90 14 388
90 24 470
89 20 588
89 6 359
87 22 344
85 12 255
85 25 266
84 19 552
81 18 582
81 13 473
81 19 250
80 16 579
77 12 484
76 4 566
75 1 357
75 5 396
74 19 450
74 4 291
73 15 276
71 9 366
70 17 260
70 11 376
69 1 573
68 7 412
67 14 524
67 6 299
67 10 291
66 3 467
66 15 369
65 17 568
65 16 336
64 15 440
63 3 350
62 1 352
62 10 544
61 16 588
61 9 527
59 15 512
58 1 499
57 17 308
57 10 226
57 8 367
56 11 382
55 7 290
54 14 439
54 17 175
54 2 406
52 13 389
52 13 214
52 12 462
52 6 425
52 6 306
51 15 509
51 14 184
50 9 253
50 15 154
50 5 533
49 7 491
47 10 145
47 6 183
47 11 290
47 13 585
47 7 453
45 13 351
45 14 508
44 7 463
43 11 230
42 5 359
42 3 140
39 4 542
39 12 334
39 4 458
39 2 452
39 3 174
39 9 287
38 11 280
37 10 572
37 9 587
37 6 361
34 11 425
33 1 373
33 9 298
32 6 277
32 1 261
31 5 524
31 3 331
31 8 594
29 4 194
28 6 582
28 9 504
27 1 134
25 1 427
22 7 152
