100

100 2 329
100 27 349
99 1 376
99 1 326
99 19 325
99 26 307
98 5 335
98 30 372
98 11 295
97 4 435
97 18 363
97 20 425
94 19 380
94 26 308
93 18 438
93 22 305
92 9 413
90 13 398
89 1 403
88 16 374
87 9 306
86 23 394
85 12 308
83 24 343
83 23 423
82 13 355
81 17 305
80 9 350
79 8 246
78 12 447
77 4 391
76 1 432
75 10 229
73 19 244
73 17 254
73 14 293
73 2 445
72 12 433
72 17 230
71 18 372
71 15 232
71 7 418
70 12 290
68 15 260
67 20 386
66 16 444
65 18 426
64 12 268
64 2 224
64 19 450
64 13 215
63 19 310
62 12 411
62 8 366
62 7 449
61 13 318
57 1 223
56 4 174
55 12 330
55 7 287
54 1 225
53 15 195
53 12 345
53 1 183
53 2 304
52 11 232
52 2 163
52 13 196
51 12 391
51 14 266
49 12 254
49 10 434
48 15 255
48 11 171
45 11 248
45 2 171
45 2 187
45 10 216
44 10 220
44 14 443
43 5 370
42 11 417
41 13 254
41 13 162
40 2 297
40 3 332
38 11 245
35 3 353
34 8 294
34 2 413
34 11 227
34 6 253
33 3 349
33 9 324
32 7 232
32 5 252
32 4 103
30 6 103
30 8 308
30 3 173
