100

100 41 176
99 41 202
99 6 175
98 2 342
98 10 381
97 9 220
95 20 326
95 14 178
95 28 440
94 39 401
94 1 233
94 39 255
94 30 188
93 12 347
93 30 212
92 8 341
91 26 375
90 33 180
90 34 314
90 32 383
90 6 274
89 16 444
89 23 342
88 22 360
86 33 219
85 10 410
85 36 352
84 12 435
83 17 277
83 31 263
82 41 424
81 12 202
81 3 223
80 26 354
79 8 432
79 31 439
77 35 344
76 37 198
76 5 423
73 1 402
72 29 308
71 34 423
71 14 207
71 8 361
69 12 444
69 28 375
68 3 170
67 19 400
67 18 224
63 27 364
61 18 335
61 20 349
61 22 275
60 10 186
60 7 399
59 2 404
58 1 215
57 27 276
57 27 241
57 9 332
57 16 224
56 26 175
56 9 343
56 12 230
56 19 294
56 10 271
55 9 333
53 7 365
53 1 344
53 1 389
51 23 358
51 7 378
49 17 426
48 16 237
48 21 201
47 20 344
47 2 386
47 10 388
47 9 362
46 23 365
46 4 411
45 21 192
45 11 331
44 9 207
44 10 193
43 6 358
43 1 180
42 6 236
42 5 205
39 3 350
38 7 399
38 7 249
37 12 205
36 9 276
35 13 261
33 4 334
32 8 370
31 8 448
30 3 247
30 3 391
