100

100 25 276
100 4 277
99 19 211
99 16 173
98 2 172
98 3 379
98 2 301
96 17 414
96 6 170
95 21 205
94 8 201
94 13 314
93 17 368
93 10 232
92 18 225
92 25 374
91 15 334
91 2 222
90 5 294
89 21 404
88 3 425
88 5 285
88 4 376
88 13 183
88 26 288
87 16 438
86 20 297
86 2 190
85 4 222
85 20 408
85 5 426
85 18 370
84 26 256
84 2 411
84 1 308
83 22 351
83 22 265
83 15 192
81 17 195
80 12 184
80 11 267
80 15 358
79 17 272
77 13 311
77 23 171
75 3 210
75 6 426
74 19 345
72 16 401
72 11 355
69 1 371
68 21 252
68 1 182
66 7 266
65 15 413
65 11 392
64 14 329
64 2 211
63 3 409
61 17 217
61 1 280
60 12 410
60 18 210
58 3 281
58 6 273
58 4 445
58 5 397
57 6 176
57 5 182
56 7 350
56 13 252
55 2 244
54 12 330
49 13 272
49 2 399
47 10 212
47 13 386
47 13 300
46 14 325
45 3 429
44 9 414
43 12 175
42 5 363
42 3 389
41 3 385
40 5 428
40 4 407
36 2 315
34 9 404
34 11 358
33 2 204
33 7 415
32 5 229
32 7 263
32 8 327
32 5 295
32 7 268
31 10 243
30 8 261
30 4 256
