100

100 38 317
99 9 308
98 33 297
96 37 436
96 19 415
96 41 450
96 35 348
96 43 340
96 43 426
94 39 417
93 41 290
93 13 304
92 39 410
92 34 369
92 39 296
91 24 370
91 20 369
91 10 394
90 32 393
87 29 398
84 13 307
83 4 316
83 19 430
79 32 443
78 28 397
78 39 430
77 28 306
77 20 426
76 9 395
76 11 365
75 9 433
75 12 425
75 34 432
73 26 370
73 22 382
73 27 330
72 13 247
72 11 434
72 29 447
72 36 347
72 33 278
71 30 300
71 8 347
70 3 413
70 20 265
66 2 202
66 2 320
65 11 390
64 9 400
63 3 352
59 21 318
58 1 275
57 12 429
56 3 389
56 21 244
55 21 422
55 27 370
54 12 253
53 3 254
53 21 356
52 2 185
51 18 379
49 4 161
47 13 148
46 4 236
46 6 184
45 4 208
44 3 369
43 21 236
43 11 210
42 11 167
41 20 293
41 14 164
39 9 127
39 20 202
38 19 363
37 13 276
35 11 137
35 14 329
34 6 268
34 13 331
33 10 177
33 3 216
32 16 226
32 12 237
32 5 305
32 15 430
31 5 147
30 4 384
30 12 198
29 14 253
28 3 252
24 12 215
23 2 167
22 5 196
22 7 131
22 4 158
22 5 171
21 8 364
20 4 213
