100

100 6 176
99 24 202
98 1 175
96 1 342
96 28 381
96 25 220
96 3 326
96 23 178
96 5 440
94 11 401
93 3 233
93 9 255
92 12 188
92 23 347
92 8 212
91 11 341
91 25 375
91 10 180
90 14 314
87 10 383
84 13 274
83 2 444
83 13 342
79 21 360
78 2 219
78 20 410
77 4 352
77 22 435
76 10 277
76 11 263
75 8 424
75 11 202
75 7 223
73 3 354
73 17 432
73 20 439
72 12 344
72 11 198
72 9 423
72 2 402
72 8 308
71 8 423
71 4 207
70 21 361
70 7 444
66 4 375
66 9 170
65 6 400
64 16 224
63 2 364
59 17 335
58 8 349
57 17 275
56 10 186
56 6 399
55 1 404
55 9 215
54 14 276
53 9 241
53 13 332
52 16 224
51 5 175
49 9 343
47 3 230
46 3 294
46 11 271
45 1 333
44 12 365
43 5 344
43 11 389
42 11 358
41 10 378
41 3 426
39 8 237
39 1 201
38 6 344
37 2 386
35 10 388
35 10 362
34 7 365
34 4 411
33 6 192
33 7 331
32 9 207
32 10 193
32 3 358
32 7 180
31 5 236
30 3 205
30 6 350
29 6 399
28 8 249
24 1 205
23 1 276
22 3 261
22 2 334
22 1 370
22 6 448
21 1 247
20 1 391
