100

100 42 424
100 15 549
99 28 379
99 8 361
99 25 278
99 3 366
98 30 501
98 1 370
98 29 301
97 17 592
97 18 478
97 35 335
94 21 259
94 11 307
93 35 433
93 28 466
92 36 343
90 20 630
89 5 583
88 22 720
87 27 737
86 17 592
85 10 325
83 42 617
83 32 439
82 13 589
81 9 435
80 34 737
79 13 693
78 17 560
77 28 539
76 33 278
75 25 512
73 25 744
73 33 687
73 11 674
73 19 481
72 36 399
72 16 311
71 2 730
71 21 426
71 1 707
70 4 583
68 16 725
67 19 566
66 3 273
65 30 697
64 21 507
64 30 241
64 13 332
64 11 463
63 20 430
62 31 283
62 15 459
62 5 256
61 24 411
57 8 697
56 24 237
55 27 278
55 26 544
54 25 235
53 16 322
53 22 286
53 20 555
53 20 336
52 12 256
52 14 288
52 13 445
51 12 314
51 4 295
49 2 240
49 9 589
48 3 306
48 9 657
45 20 487
45 6 280
45 16 646
45 23 482
44 15 598
44 1 654
43 5 339
42 3 420
41 4 700
41 14 393
40 18 233
40 5 398
38 6 351
35 10 467
34 11 561
34 9 343
34 15 684
34 10 592
33 16 723
33 11 696
32 8 431
32 16 364
32 7 748
30 5 564
30 11 658
30 13 633
