100

100 15 424
99 1 549
99 18 379
98 24 361
97 21 278
97 2 366
97 18 501
96 26 370
96 10 301
95 23 592
95 8 478
95 24 335
94 17 259
93 18 307
93 1 433
93 12 466
92 27 343
91 12 630
89 5 583
88 12 720
87 12 737
86 10 592
84 24 325
84 22 617
83 1 439
83 7 589
82 17 435
81 18 737
81 1 693
81 6 560
78 4 539
78 13 278
75 15 512
74 22 744
73 7 687
72 15 674
72 21 481
71 7 399
70 21 311
68 21 730
67 7 426
66 8 707
65 1 583
64 7 725
63 8 566
63 18 273
62 6 697
60 2 507
60 11 241
59 14 332
59 7 463
58 15 430
57 15 283
56 16 459
56 1 256
55 3 411
54 12 697
51 12 237
49 14 278
49 14 544
48 12 235
47 9 322
47 11 286
46 13 555
45 3 336
45 8 256
45 1 288
45 10 445
44 3 314
44 6 295
44 14 240
44 9 589
43 12 306
41 12 657
41 11 487
40 10 280
39 9 646
39 8 482
39 4 598
37 12 654
37 8 339
37 10 420
35 4 700
35 1 393
34 5 233
32 7 398
31 2 351
31 1 467
30 4 561
28 5 343
26 1 684
25 3 592
24 7 723
24 2 696
23 2 431
23 5 364
22 4 748
21 3 564
20 2 658
20 1 633
