100

100 8 332
99 15 506
99 10 412
98 6 468
98 2 346
97 9 436
95 17 401
95 21 398
95 26 476
94 3 588
94 1 370
94 16 359
94 3 282
93 26 289
93 4 555
92 18 584
91 23 484
90 9 276
90 20 581
90 15 496
90 13 570
89 16 384
89 4 419
88 8 467
86 13 321
85 6 307
85 15 391
84 20 297
83 3 398
83 19 576
82 1 432
81 3 532
81 22 331
80 10 321
79 2 480
79 21 391
77 21 571
76 10 357
76 12 455
73 2 368
72 17 370
71 2 548
71 3 589
71 18 532
69 2 518
69 9 507
68 9 330
67 20 252
67 18 383
63 4 392
61 18 303
61 5 446
61 17 195
60 10 414
60 16 400
59 14 233
58 4 468
57 16 431
57 13 316
57 3 512
57 13 201
56 7 267
56 13 171
56 17 536
56 11 496
56 4 172
55 1 205
53 9 302
53 3 585
53 3 458
51 5 361
51 16 512
49 5 468
48 6 241
48 6 368
47 1 154
47 14 545
47 10 347
47 3 465
46 5 459
46 9 192
45 11 299
45 2 294
44 6 573
44 10 588
43 9 370
43 8 434
42 11 385
42 9 315
39 3 290
38 8 273
38 5 527
37 8 340
36 5 594
35 10 209
33 2 582
32 2 506
31 2 145
30 4 432
30 4 172
