100

99 9 329
97 10 504
96 6 407
96 21 465
96 3 341
95 10 433
95 26 401
95 14 398
95 8 476
94 6 588
94 22 370
93 5 357
92 24 276
92 17 286
92 2 555
91 22 584
91 24 484
91 18 279
90 13 581
89 3 495
89 23 570
89 17 384
88 6 417
88 12 467
88 27 325
87 4 312
86 21 393
86 3 302
85 13 402
85 3 577
84 1 434
83 17 533
82 19 333
81 25 323
81 5 482
77 7 388
77 3 571
76 7 357
76 3 455
75 19 372
73 19 371
73 8 549
73 1 589
72 17 533
72 15 520
72 18 509
72 1 339
70 21 260
69 4 387
67 16 398
66 17 314
65 8 451
65 12 207
64 7 419
62 9 403
61 1 238
60 12 470
58 18 432
57 15 316
56 15 512
55 5 195
53 4 260
52 9 159
52 1 534
52 5 493
48 5 148
48 8 185
46 4 288
45 10 585
43 1 449
42 11 346
39 5 505
39 7 459
38 2 218
38 6 353
38 9 128
38 9 541
37 5 330
36 5 456
35 4 449
34 11 161
34 10 278
32 3 268
31 4 571
30 6 587
30 2 351
28 8 418
27 6 365
27 2 288
27 8 267
25 4 247
24 1 521
24 6 319
24 2 594
23 5 180
23 5 581
22 7 500
22 3 121
22 2 424
21 7 150
