100

99 38 175
99 31 201
97 48 174
97 34 341
96 26 381
96 19 219
96 9 326
94 40 177
93 33 440
93 39 401
92 37 233
90 2 254
90 22 187
90 16 346
89 2 211
88 9 341
88 42 375
87 30 179
83 7 314
82 36 383
81 35 273
81 13 444
81 23 341
80 34 360
79 14 218
78 30 410
77 21 352
77 27 435
76 20 276
76 14 263
75 11 424
74 10 201
74 10 222
74 37 353
71 23 432
69 2 439
69 19 343
68 5 197
67 25 423
67 21 401
66 22 307
62 13 423
59 5 206
58 7 361
57 4 444
56 7 374
55 23 169
54 27 399
54 1 223
53 5 364
53 9 335
52 24 348
52 8 274
49 2 185
49 11 399
48 24 404
47 1 214
46 4 275
45 13 240
44 13 332
43 17 223
43 12 174
42 9 342
42 11 229
39 4 293
38 4 270
37 10 332
35 2 365
35 7 343
34 9 389
32 5 358
32 16 378
31 9 426
31 4 236
30 15 200
29 7 344
24 6 385
24 4 388
21 10 362
21 2 365
21 10 411
20 3 191
18 2 331
16 5 206
13 6 192
12 1 358
11 5 179
9 3 235
7 3 205
7 1 349
7 2 399
6 1 249
5 2 204
5 1 275
4 2 261
4 2 334
2 1 370
2 1 448
1 1 247
1 1 391
