100

99 9 329
97 25 504
96 27 407
96 22 465
96 17 341
95 25 433
95 3 401
95 20 398
95 23 476
94 14 588
94 39 370
93 19 357
92 32 276
92 20 286
92 4 555
91 5 584
91 39 484
91 9 279
90 28 581
89 21 495
89 36 570
89 39 384
88 10 417
88 2 467
88 32 325
87 18 312
86 8 393
86 20 302
85 29 402
85 32 577
84 21 434
83 8 533
82 14 333
81 10 323
81 30 482
77 24 388
77 3 571
76 2 357
76 26 455
75 38 372
73 6 371
73 18 549
73 28 589
72 30 533
72 12 520
72 13 509
72 21 339
70 2 260
69 25 387
67 2 398
66 28 314
65 4 451
65 33 207
64 1 419
62 10 403
61 20 238
60 5 470
58 17 432
57 1 316
56 15 512
55 14 195
53 14 260
52 7 159
52 17 534
52 10 493
48 6 148
48 17 185
46 9 288
45 12 585
43 8 449
42 9 346
39 13 505
39 18 459
38 9 218
38 5 353
38 9 128
38 17 541
37 18 330
36 6 456
35 1 449
34 17 161
34 11 278
32 3 268
31 5 571
30 6 587
30 6 351
28 8 418
27 9 365
27 1 288
27 12 267
25 8 247
24 1 521
24 8 319
24 10 594
23 9 180
23 10 581
22 5 500
22 1 121
22 3 424
21 5 150
