100

100 7 317
100 21 311
99 2 300
99 13 437
99 25 417
99 6 450
98 11 352
98 17 344
98 1 427
97 10 419
97 29 302
97 23 314
94 12 411
94 20 372
93 8 299
93 17 373
92 23 371
90 26 393
89 7 392
88 25 398
87 10 313
86 7 322
85 24 430
83 22 444
83 17 401
82 23 431
81 15 314
80 4 427
79 13 397
78 2 367
77 3 433
76 10 425
75 3 432
73 9 370
73 11 382
73 8 330
73 1 250
72 13 434
72 9 447
71 14 345
71 22 276
71 8 300
70 11 346
68 4 412
67 12 258
66 16 202
65 13 318
64 17 389
64 5 400
64 7 353
64 14 325
63 9 284
62 9 430
62 11 393
62 13 257
61 11 423
57 16 371
56 7 257
55 9 258
55 1 358
54 4 190
53 4 381
53 16 172
53 15 165
53 4 250
52 3 199
52 3 224
52 4 375
51 16 252
51 6 228
49 9 185
49 14 305
48 15 182
48 1 153
45 12 215
45 2 369
45 7 289
45 5 164
44 12 338
44 10 284
43 3 340
42 9 198
41 3 232
41 3 243
40 3 251
40 9 315
38 8 431
35 11 157
34 2 386
34 5 206
34 6 261
34 11 262
33 10 232
33 8 189
32 1 215
32 5 156
32 10 181
30 2 188
30 1 370
30 5 231
