100

99 18 175
99 17 201
97 19 174
97 25 341
96 39 381
96 30 219
94 24 326
92 8 177
92 45 440
92 8 401
92 44 233
91 26 254
90 16 187
90 38 346
89 4 211
89 35 341
88 43 375
85 30 179
84 31 314
84 35 383
84 11 273
80 39 444
80 34 341
78 7 360
78 13 218
77 22 410
77 4 352
77 10 435
76 18 276
75 9 263
75 19 424
75 35 201
74 16 222
73 24 353
73 2 432
72 35 439
71 11 343
71 26 197
70 28 423
68 34 401
66 21 307
65 20 423
64 30 206
62 19 361
61 10 444
60 14 374
57 4 169
56 26 399
56 1 223
55 12 364
55 25 335
54 16 348
54 7 274
52 21 185
50 18 399
50 20 404
48 14 214
48 17 275
47 19 240
47 11 332
45 11 223
45 13 174
45 22 342
44 3 229
42 8 293
40 16 270
40 5 332
39 3 365
38 3 343
38 4 389
38 10 358
36 9 378
34 11 426
32 16 236
30 8 200
29 2 344
29 14 385
29 15 388
28 11 362
28 5 365
28 11 411
26 9 191
25 13 331
25 4 206
24 6 192
21 11 358
18 1 179
17 2 235
14 1 205
13 1 349
12 6 399
12 1 249
10 2 204
10 3 275
9 1 261
9 4 334
8 1 370
5 1 448
4 1 247
1 1 391
