100

100 9 424
99 30 549
96 17 379
94 7 361
93 4 278
92 14 366
92 23 501
91 5 370
91 23 301
91 21 592
89 18 478
88 23 335
86 24 259
86 2 307
86 9 433
85 10 466
84 2 343
84 21 630
84 20 583
81 1 720
81 9 737
80 22 592
79 11 325
79 3 617
78 12 439
77 22 589
77 14 435
77 24 737
77 5 693
73 15 560
71 21 539
69 6 278
67 7 512
66 19 744
65 20 687
65 16 674
64 19 481
64 20 399
64 14 311
62 19 730
60 8 426
57 12 707
57 4 583
56 4 725
56 8 566
56 7 273
56 16 697
53 10 507
52 16 241
51 9 332
51 12 463
50 11 430
50 10 283
48 11 459
47 7 256
46 10 411
45 5 697
44 14 237
43 11 278
42 7 544
41 5 235
41 6 322
40 10 286
40 4 555
39 9 336
39 7 256
38 5 288
37 8 445
36 8 314
36 2 295
36 5 240
34 2 589
33 5 306
31 2 657
31 5 487
29 9 280
29 1 646
26 2 482
25 2 598
22 3 654
22 5 339
22 1 420
20 5 700
17 6 393
11 1 233
11 4 398
10 2 351
9 3 467
7 1 561
7 1 343
7 2 684
7 3 592
6 2 723
5 1 696
3 1 431
2 1 364
2 1 748
1 1 564
1 1 658
1 1 633
