100

100 33 329
100 40 349
100 45 378
99 26 326
99 3 325
98 40 305
97 37 333
96 37 369
95 31 286
95 4 435
95 10 360
94 34 423
94 6 380
91 44 301
91 39 438
90 20 298
90 37 412
88 21 397
86 26 401
84 10 369
83 26 297
83 20 392
79 11 295
78 15 335
77 22 421
74 18 344
74 5 290
72 28 339
72 7 226
70 26 446
69 30 385
69 24 430
69 11 212
69 19 233
68 22 241
68 15 283
68 12 444
67 30 432
67 2 216
67 4 368
66 13 218
66 24 416
65 15 280
64 27 251
63 16 383
63 4 444
63 28 426
63 17 266
63 31 222
62 15 450
62 28 209
61 24 306
60 5 411
60 9 364
59 28 448
59 26 315
59 10 228
59 19 183
57 9 332
55 8 287
55 11 228
55 17 200
53 23 345
53 5 183
52 14 303
52 9 232
51 6 160
50 8 191
49 11 390
48 17 260
47 6 250
47 21 433
45 11 249
44 10 160
44 10 247
43 2 166
43 22 182
42 6 210
42 10 216
41 7 443
41 7 369
38 9 416
37 16 247
36 4 149
36 7 291
36 11 328
36 18 242
34 13 353
34 1 294
29 10 411
29 14 217
28 7 243
27 3 344
25 7 316
24 7 217
23 11 236
23 12 77
22 4 80
22 6 299
20 5 150
