100

100 26 424
100 38 549
100 23 379
99 1 361
99 45 278
98 44 366
97 40 501
96 8 370
95 4 301
95 18 592
95 27 478
94 40 335
94 17 259
91 25 307
91 35 433
90 19 466
90 4 343
88 16 630
86 13 583
84 35 720
83 1 737
83 38 592
79 18 325
78 32 617
77 12 439
74 32 589
74 28 435
72 15 737
72 36 693
70 5 560
69 8 539
69 22 278
69 19 512
69 16 744
68 9 687
68 3 674
68 4 481
67 4 399
67 32 311
67 14 730
66 13 426
66 11 707
65 9 583
64 10 725
63 29 566
63 16 273
63 31 697
63 16 507
63 25 241
62 26 332
62 7 463
61 30 430
60 15 283
60 4 459
59 18 256
59 23 411
59 8 697
59 26 237
57 27 278
55 20 544
55 19 235
55 6 322
53 1 286
53 12 555
52 18 336
52 13 256
51 16 288
50 5 445
49 13 314
48 11 295
47 15 240
47 16 589
45 4 306
44 13 657
44 17 487
43 18 280
43 15 646
42 20 482
42 15 598
41 6 654
41 8 339
38 12 420
37 3 700
36 12 393
36 1 233
36 10 398
36 6 351
34 16 467
34 1 561
29 10 343
29 6 684
28 7 592
27 11 723
25 5 696
24 11 431
23 12 364
23 9 748
22 7 564
22 7 658
20 4 633
