100

99 1 327
98 24 345
98 12 375
98 1 323
93 28 311
93 9 291
92 20 322
90 27 360
90 4 271
89 21 433
89 9 350
87 13 420
85 6 368
85 2 286
84 8 436
81 6 275
81 22 406
81 15 391
80 19 396
77 22 360
76 18 281
75 23 385
75 1 286
74 10 328
74 9 419
73 16 342
71 19 284
70 6 336
70 15 221
69 12 446
68 18 384
67 10 430
67 11 206
67 17 228
66 9 236
66 4 279
65 5 444
65 2 432
64 1 208
63 7 364
62 1 207
62 1 415
61 8 272
61 13 244
59 9 380
58 4 444
57 17 424
57 13 253
57 1 206
56 13 450
55 8 190
54 15 295
54 9 408
54 9 358
52 16 448
52 13 304
52 8 210
52 3 162
52 2 326
51 12 280
51 7 218
50 11 187
50 9 342
50 10 175
49 1 298
47 4 221
47 4 149
47 15 184
47 10 388
47 15 259
45 5 247
45 12 433
44 7 247
43 7 158
42 9 243
42 2 163
39 3 172
39 4 203
39 9 209
39 6 443
39 1 367
39 3 416
38 10 248
37 3 152
37 4 293
37 11 329
34 8 238
33 6 352
33 2 292
32 5 412
32 7 223
31 9 248
31 10 347
31 3 322
29 8 226
28 3 245
28 4 91
27 2 95
25 3 302
22 2 155
