100

99 37 327
99 6 347
97 34 373
97 2 321
96 25 318
96 27 299
94 15 326
92 35 363
92 37 277
92 21 434
92 8 355
91 2 422
90 15 375
90 1 298
89 10 437
89 14 295
88 25 411
85 8 394
84 7 399
84 33 369
84 21 299
80 39 389
80 37 297
78 12 335
78 14 421
77 4 348
77 36 297
77 14 346
76 25 238
75 35 446
75 38 390
75 11 432
74 31 226
73 26 244
73 17 254
72 5 291
71 11 445
71 13 433
70 32 224
68 1 369
66 15 218
65 29 416
64 10 278
62 8 246
61 17 382
60 23 444
57 25 424
56 24 251
56 11 203
55 11 450
55 24 190
54 19 295
54 20 408
52 25 357
50 5 448
50 1 301
48 20 201
48 16 151
47 15 320
47 24 273
45 8 204
45 2 174
45 17 337
44 19 158
42 4 288
40 7 206
40 18 128
39 4 163
38 5 383
38 16 242
38 6 233
36 14 431
34 9 228
32 5 128
30 2 220
29 1 129
29 14 147
29 2 181
28 9 185
28 4 442
28 7 359
26 12 412
25 9 225
25 4 120
24 3 275
21 2 312
18 9 209
17 6 338
14 7 267
13 4 406
12 5 184
12 6 216
10 4 329
10 5 300
9 1 189
9 3 213
8 3 32
5 1 31
4 1 277
1 1 106
