100

99 15 327
99 18 347
97 24 373
97 7 321
96 26 318
96 18 299
94 7 326
92 11 363
92 3 277
92 6 434
92 10 355
91 28 422
90 27 375
90 19 298
89 15 437
89 2 295
88 26 411
85 21 394
84 7 399
84 4 369
84 2 299
80 1 389
80 1 297
78 23 335
78 10 421
77 2 348
77 13 297
77 24 346
76 2 238
75 3 446
75 22 390
75 12 432
74 12 226
73 15 244
73 21 254
72 4 291
71 8 445
71 12 433
70 14 224
68 7 369
66 16 218
65 15 416
64 17 278
62 8 246
61 13 382
60 17 444
57 15 424
56 5 251
56 1 203
55 11 450
55 2 190
54 13 295
54 4 408
52 1 357
50 7 448
50 15 301
48 4 201
48 15 151
47 1 320
47 1 273
45 2 204
45 8 174
45 8 337
44 7 158
42 11 288
40 1 206
40 6 128
39 2 163
38 4 383
38 3 242
38 2 233
36 8 431
34 2 228
32 4 128
30 9 220
29 1 129
29 6 147
29 1 181
28 5 185
28 2 442
28 9 359
26 4 412
25 3 225
25 5 120
24 7 275
21 3 312
18 4 209
17 1 338
14 5 267
13 4 406
12 3 184
12 4 216
10 1 329
10 3 300
9 2 189
9 3 213
8 1 32
5 1 31
4 2 277
1 1 106
