100

100 22 329
100 33 349
99 46 376
99 25 326
99 35 325
99 19 307
98 29 335
98 41 372
98 22 295
97 2 435
97 11 363
97 15 425
94 17 380
94 11 308
93 44 438
93 33 305
92 31 413
90 11 398
89 19 403
88 37 374
87 28 306
86 20 394
85 13 308
83 13 343
83 16 423
82 2 355
81 37 305
80 40 350
79 6 246
78 25 447
77 16 391
76 21 432
75 33 229
73 33 244
73 8 254
73 12 293
73 33 445
72 20 433
72 13 230
71 34 372
71 35 232
71 17 418
70 10 290
68 34 260
67 33 386
66 19 444
65 13 426
64 1 268
64 3 224
64 17 450
64 4 215
63 6 310
62 20 411
62 9 366
62 10 449
61 12 318
57 4 223
56 2 174
55 26 330
55 22 287
54 24 225
53 12 195
53 15 345
53 6 183
53 20 304
52 17 232
52 26 163
52 10 196
51 3 391
51 3 266
49 10 254
49 6 434
48 24 255
48 23 171
45 16 248
45 18 171
45 8 187
45 4 216
44 6 220
44 12 443
43 11 370
42 10 417
41 9 254
41 14 162
40 5 297
40 17 332
38 9 245
35 15 353
34 17 294
34 2 413
34 14 227
34 7 253
33 7 349
33 13 324
32 2 232
32 12 252
32 8 103
30 6 103
30 2 308
30 13 173
