100

100 17 329
99 24 347
99 22 376
98 8 323
98 1 323
96 15 299
93 22 324
91 25 362
89 4 268
89 1 433
88 21 348
86 23 419
86 20 370
85 5 286
85 22 436
85 7 285
84 12 408
84 22 393
82 3 398
82 22 367
81 24 292
80 18 389
79 9 295
78 20 335
77 6 421
76 21 347
75 3 293
75 18 343
73 4 229
72 21 446
71 5 387
70 18 430
69 15 212
68 1 230
68 20 241
66 18 279
66 15 444
64 14 431
63 11 205
63 11 364
62 8 207
62 10 415
58 3 266
57 12 235
55 15 377
54 10 444
52 1 423
51 12 241
50 8 188
50 9 450
49 6 174
48 4 285
48 15 405
46 9 351
46 2 448
44 6 292
43 2 188
41 12 130
41 5 312
38 8 257
37 2 186
34 11 145
33 4 324
31 4 123
31 7 271
31 10 186
31 1 102
29 6 137
29 9 377
28 6 223
28 3 214
27 6 430
27 2 215
27 1 114
26 1 212
26 7 121
26 8 140
25 5 172
22 2 172
22 5 441
21 6 354
20 5 410
20 4 216
19 6 104
18 6 266
18 5 308
16 1 205
15 5 337
15 1 268
15 4 407
14 1 188
14 4 219
13 1 332
9 1 299
8 1 187
8 3 211
8 2 32
2 1 23
2 1 275
2 1 109
