100

98 13 422
97 12 548
97 14 378
97 23 360
96 20 276
95 14 365
95 15 500
95 28 369
95 29 299
93 20 592
92 11 477
88 8 333
87 11 257
86 24 305
86 25 432
85 19 465
81 22 342
81 12 630
80 11 582
78 16 720
78 16 737
78 21 591
77 4 323
77 18 616
76 23 438
75 2 588
74 17 434
72 18 737
71 18 693
70 12 559
70 9 539
69 3 277
69 14 512
67 1 744
67 16 687
67 8 674
65 11 480
65 1 398
65 6 309
64 10 730
64 4 425
63 12 707
62 17 583
58 12 725
58 11 565
56 6 271
56 2 697
56 7 506
55 5 239
52 15 330
51 14 462
50 3 429
50 6 281
50 2 458
49 5 254
49 11 409
47 3 696
45 9 235
43 13 276
43 13 543
43 12 233
42 3 320
41 13 285
40 7 554
40 8 334
40 9 254
39 1 286
38 12 444
36 3 313
35 2 293
33 7 238
33 2 588
32 2 304
30 3 657
29 2 486
28 9 278
28 8 646
25 4 481
25 4 597
22 4 654
22 7 338
20 5 419
20 4 700
18 5 392
17 5 231
16 4 396
15 5 349
11 4 466
11 3 560
10 1 341
8 1 684
5 1 591
5 1 723
5 2 696
4 1 430
4 1 363
2 1 748
2 1 564
2 1 657
1 1 632
