100

100 5 317
99 4 308
99 20 300
98 6 437
98 8 417
97 11 450
95 2 346
95 8 338
95 18 426
94 22 417
94 22 293
94 9 307
94 8 411
93 7 371
93 6 299
92 12 371
91 18 369
90 15 393
90 24 393
90 3 400
90 16 320
89 10 328
89 6 432
88 8 444
86 18 403
85 9 432
85 15 322
84 17 428
83 2 400
83 12 373
82 20 434
81 5 427
81 3 433
80 12 377
79 18 387
79 2 340
77 1 260
76 1 434
76 3 447
73 13 348
72 19 278
71 12 300
71 1 347
71 3 414
69 8 262
69 17 211
68 2 323
67 5 391
67 5 402
63 13 352
61 13 321
61 5 281
61 13 430
60 16 392
60 10 253
59 18 423
58 14 372
57 5 259
57 6 262
57 5 360
57 4 198
56 17 383
56 14 181
56 12 174
56 1 257
56 16 210
55 14 231
53 16 376
53 14 256
53 4 233
51 5 191
51 10 308
49 1 185
48 14 153
48 10 222
47 8 370
47 3 292
47 2 169
47 5 341
46 14 287
46 2 343
45 3 205
45 11 240
44 8 248
44 13 258
43 4 319
43 9 432
42 6 175
42 5 391
39 7 217
38 1 267
38 4 269
37 6 239
36 1 196
35 11 221
33 4 158
32 6 181
31 1 190
30 7 370
30 5 231
