100

100 32 588
100 11 609
99 25 489
99 1 529
98 45 549
98 36 389
98 34 352
96 6 410
96 5 622
95 40 599
94 19 646
94 42 600
93 43 322
93 41 488
92 42 618
92 22 230
91 20 723
91 33 257
90 44 517
89 28 381
88 1 700
88 34 355
88 17 742
88 31 338
88 11 334
87 7 481
86 32 272
86 40 729
85 5 305
85 35 542
85 5 449
85 16 643
84 16 683
84 12 518
84 13 698
83 10 543
83 40 650
83 23 343
81 14 291
80 22 580
80 3 734
80 14 570
79 21 470
77 19 391
77 4 594
75 4 512
75 38 257
74 14 723
72 3 588
72 24 264
69 5 541
68 32 590
68 30 624
66 24 744
65 10 646
65 26 682
64 4 436
64 29 546
63 26 397
61 25 376
61 22 621
60 28 481
60 18 623
58 12 709
58 23 438
58 27 700
58 18 352
57 10 261
57 5 520
56 10 677
56 22 555
55 22 671
54 9 642
49 7 480
49 24 426
47 1 466
47 12 710
47 24 398
46 15 671
45 7 385
44 15 376
43 15 445
42 20 282
42 1 437
41 4 607
40 8 320
40 9 520
36 8 459
34 9 390
34 17 553
33 14 294
33 14 311
32 16 230
32 3 461
32 6 650
32 5 601
32 1 718
31 7 332
30 13 710
30 4 558
