100

100 13 332
99 7 506
98 11 411
96 3 465
96 1 341
96 18 435
96 14 403
96 12 400
96 7 477
94 12 588
93 25 368
93 16 357
92 2 276
92 12 286
92 25 555
91 26 584
91 1 484
91 11 279
90 22 581
87 17 494
84 6 569
83 7 372
83 15 409
79 16 456
78 9 301
78 16 289
77 17 377
77 4 279
76 20 386
76 3 575
75 12 422
75 5 528
75 23 317
73 5 305
73 19 474
73 1 381
72 9 570
72 18 349
72 15 450
72 21 367
72 2 370
71 7 548
71 8 589
70 19 532
70 12 519
66 18 504
66 17 326
65 11 247
64 4 378
63 2 392
59 8 299
58 11 443
57 6 183
56 16 409
56 12 394
55 3 222
55 3 465
54 15 428
53 7 308
53 10 510
52 5 187
51 11 255
49 5 151
47 3 531
46 2 489
46 3 142
45 6 177
44 14 284
43 8 584
43 11 449
42 2 346
41 12 506
41 2 461
39 1 220
39 5 355
38 5 128
37 6 541
35 3 327
35 1 455
34 7 448
34 10 161
33 2 276
33 2 270
32 2 571
32 1 587
32 3 354
32 8 423
31 1 370
30 8 293
30 3 273
29 6 255
28 2 523
24 3 319
23 4 594
22 3 178
22 1 581
22 7 500
22 2 121
21 7 423
20 1 147
