100

100 19 176
99 4 202
98 28 175
96 15 342
96 24 381
96 29 220
96 21 326
96 10 178
96 36 440
94 8 401
93 28 233
93 8 255
92 27 188
92 41 347
92 4 212
91 2 341
91 21 375
91 32 180
90 7 314
87 25 383
84 27 274
83 19 444
83 20 342
79 27 360
78 3 219
78 19 410
77 31 352
77 7 435
76 10 277
76 6 263
75 20 424
75 34 202
75 20 223
73 27 354
73 37 432
73 36 439
72 12 344
72 16 198
72 2 423
72 36 402
72 34 308
71 19 423
71 15 207
70 28 361
70 13 444
66 29 375
66 7 170
65 29 400
64 18 224
63 23 364
59 22 335
58 12 349
57 15 275
56 13 186
56 28 399
55 3 404
55 20 215
54 26 276
53 10 241
53 18 332
52 18 224
51 15 175
49 17 343
47 21 230
46 12 294
46 2 271
45 17 333
44 16 365
43 22 344
43 5 389
42 3 358
41 8 378
41 14 426
39 10 237
39 8 201
38 5 344
37 12 386
35 3 388
35 5 362
34 11 365
34 14 411
33 15 192
33 6 331
32 9 207
32 15 193
32 16 358
32 13 180
31 4 236
30 11 205
30 11 350
29 5 399
28 4 249
24 4 205
23 11 276
22 7 261
22 5 334
22 2 370
22 7 448
21 8 247
20 7 391
