100

100 34 332
100 36 507
99 20 412
99 36 469
98 34 346
98 8 438
98 11 407
96 27 400
96 2 477
95 24 588
94 47 370
94 39 359
93 15 279
93 2 289
92 19 555
92 43 584
91 32 484
91 31 279
90 26 581
89 30 495
88 12 570
88 44 382
88 39 417
88 32 467
88 25 325
87 27 312
86 35 393
86 26 302
85 15 402
85 26 577
85 40 436
85 2 534
84 31 337
84 25 330
84 29 485
83 38 398
83 19 572
83 27 371
81 12 460
80 7 381
80 21 384
80 25 552
79 30 589
77 5 536
77 25 523
75 19 511
75 28 345
74 17 270
72 29 391
72 35 406
69 11 320
68 32 454
68 11 215
66 32 422
65 2 407
65 18 248
64 14 473
64 28 439
63 25 328
61 15 515
61 1 212
60 1 276
60 20 183
58 28 536
58 8 498
58 1 178
58 16 213
57 10 310
57 20 586
56 21 461
56 23 369
55 7 514
54 15 472
49 16 244
49 15 370
47 21 154
47 19 545
47 18 347
46 8 465
45 14 458
44 16 187
43 9 295
42 2 288
42 1 573
41 8 588
40 5 365
40 13 431
36 10 377
34 3 300
34 11 281
33 13 263
33 10 525
32 6 332
32 8 594
32 14 202
32 1 582
32 11 506
31 5 145
30 2 432
30 5 172
