100

99 3 423
98 17 549
98 24 379
98 14 360
93 15 277
93 18 366
92 25 500
90 25 369
90 1 300
89 25 592
89 2 477
87 8 334
85 22 258
85 13 306
84 13 432
81 9 465
81 12 342
81 12 630
80 15 582
77 3 720
76 14 737
75 20 592
75 21 324
74 12 617
74 14 439
73 11 588
71 15 435
70 9 737
70 3 693
69 16 560
68 3 539
67 1 277
67 18 512
67 7 744
66 18 687
66 5 674
65 12 480
65 7 398
64 12 310
63 8 730
62 9 426
62 15 707
61 6 583
61 13 725
59 5 566
58 9 272
57 14 697
57 10 506
57 8 240
56 2 331
55 5 463
54 7 429
54 9 282
54 9 459
52 4 255
52 8 410
52 1 697
52 5 236
52 12 277
51 9 544
51 16 234
50 5 321
50 14 286
50 15 555
49 10 335
47 4 255
47 13 287
47 14 445
47 6 313
47 10 294
45 1 239
45 11 589
44 8 305
43 3 657
42 4 487
42 5 279
39 8 646
39 7 481
39 5 597
39 2 654
39 8 338
39 4 420
38 8 700
37 10 393
37 5 232
37 5 397
34 5 350
33 4 467
33 8 561
32 10 342
32 10 684
31 6 591
31 6 723
31 1 696
29 4 430
28 7 364
28 8 748
27 9 564
25 6 658
22 1 632
