100

99 27 329
99 3 506
97 11 409
97 13 466
96 28 341
96 8 435
96 20 403
94 11 396
93 13 474
93 20 588
92 6 365
90 29 350
90 31 270
90 21 280
89 42 554
88 23 583
88 19 480
87 22 267
83 20 580
82 35 489
81 28 568
81 40 368
81 30 406
80 37 457
79 26 303
78 25 289
77 16 377
77 14 279
76 14 386
76 8 575
75 34 422
74 29 528
74 4 315
74 13 307
71 19 472
69 11 374
69 22 569
68 17 342
67 33 444
67 24 358
66 6 359
62 15 544
59 13 588
58 9 525
57 24 511
56 16 497
55 16 304
54 18 218
54 13 362
53 20 377
53 15 286
52 7 436
52 5 169
49 8 399
49 6 384
48 8 204
47 20 458
46 6 418
45 7 292
44 14 504
43 10 162
43 17 237
42 7 130
42 3 529
39 1 484
38 15 119
37 5 155
35 9 265
35 5 584
34 13 440
32 13 330
32 9 501
31 10 452
31 3 201
30 7 341
29 2 102
24 11 536
24 1 309
21 3 443
21 2 436
21 6 126
20 5 250
18 5 241
16 2 568
13 5 585
12 6 324
11 5 400
9 1 340
7 1 252
7 3 229
7 1 210
6 2 513
5 2 289
5 1 593
4 2 135
4 2 579
2 1 489
2 1 67
1 1 404
1 1 100
