100

100 8 332
99 19 506
99 19 412
98 15 468
98 15 346
96 16 435
93 6 397
91 23 390
89 27 469
89 5 588
88 13 357
86 8 341
86 1 258
85 6 266
85 8 552
85 16 583
84 16 476
84 23 259
82 15 579
82 21 489
81 12 568
80 5 366
79 22 402
78 9 455
77 4 299
76 5 284
75 19 373
75 22 273
73 11 381
72 13 574
71 17 416
70 4 525
69 3 304
68 18 293
68 6 469
66 16 369
66 11 568
64 11 334
63 17 439
63 6 350
62 6 352
62 4 544
58 12 588
57 3 525
55 3 509
54 4 496
52 4 298
51 9 210
50 1 356
50 9 372
49 4 277
48 1 432
48 7 157
46 6 395
46 7 380
44 1 194
43 9 454
41 12 412
41 1 284
38 6 501
37 2 145
34 7 216
33 9 103
31 5 524
31 2 478
31 2 98
31 8 139
29 1 253
29 5 583
28 7 434
28 3 324
27 9 498
27 8 448
27 7 192
26 2 335
26 7 93
26 1 537
25 3 311
22 4 443
22 1 437
21 5 126
20 4 250
20 5 244
19 4 569
18 6 586
18 2 333
16 4 406
15 1 349
15 5 266
15 1 244
14 5 224
14 5 516
13 1 302
9 3 593
8 3 145
8 2 580
8 3 492
2 1 67
2 1 405
2 1 102
