100

100 1 176
99 3 202
99 2 175
98 28 342
97 4 381
97 17 220
97 10 326
96 16 178
96 17 440
95 7 401
95 19 233
95 9 255
94 12 188
93 19 347
93 10 212
93 23 341
92 16 375
91 4 180
89 15 314
88 2 383
87 27 274
86 11 444
84 4 342
84 16 360
83 13 219
83 17 410
82 18 352
81 12 435
81 12 277
81 2 263
78 16 424
78 21 202
75 20 223
74 8 354
73 6 432
72 11 439
72 13 344
71 3 198
70 11 423
68 14 402
67 5 308
66 13 423
65 11 207
64 13 361
63 1 444
63 1 375
62 18 170
60 4 400
60 18 224
59 10 364
59 3 335
58 2 349
57 17 275
56 2 186
56 3 399
55 11 404
54 3 215
51 14 276
49 4 241
49 15 332
48 10 224
47 5 175
47 6 343
46 5 230
45 10 294
45 6 271
45 1 333
45 9 365
44 12 344
44 7 389
44 12 358
44 6 378
43 2 426
41 6 237
41 4 201
40 11 344
39 5 386
39 5 388
39 10 362
37 7 365
37 9 411
37 2 192
35 4 331
35 8 207
34 2 193
32 1 358
31 9 180
31 9 236
30 7 205
28 1 350
26 5 399
25 1 249
24 6 205
24 2 276
23 7 261
23 5 334
22 1 370
21 4 448
20 3 247
20 6 391
