100

99 8 329
99 21 506
98 5 411
97 28 466
96 5 341
93 15 430
92 9 395
92 17 392
91 8 471
91 26 588
91 27 363
90 16 350
90 26 270
90 6 280
89 17 554
88 11 583
88 24 480
87 27 267
85 12 580
85 15 492
84 17 569
84 8 374
84 18 410
82 1 460
80 8 306
80 21 294
80 4 382
80 24 286
78 5 389
77 22 575
76 13 423
75 9 528
74 15 315
73 6 305
72 20 473
70 8 376
70 2 569
69 3 343
68 1 445
68 15 359
67 8 361
66 1 546
65 19 588
65 14 529
65 8 516
65 2 504
64 6 322
62 14 239
59 18 370
59 7 386
59 7 299
58 14 443
58 2 186
57 8 410
57 4 396
56 14 225
56 6 466
56 14 430
55 6 312
55 4 511
54 14 192
51 13 255
51 11 156
50 11 533
49 15 491
48 5 148
46 13 180
46 13 288
46 9 585
46 2 452
46 13 353
46 5 509
45 11 464
44 12 232
44 2 362
41 8 137
41 11 542
41 3 337
41 7 460
40 10 453
40 11 177
39 1 287
39 4 282
38 4 572
37 5 587
36 7 360
36 8 427
36 9 377
35 4 302
35 7 283
35 8 267
35 6 526
34 2 335
34 5 594
34 4 206
34 4 582
32 10 506
32 1 148
31 7 433
30 8 172
