100

99 22 314
99 12 308
97 24 294
97 13 437
96 26 415
96 13 450
96 11 348
94 9 336
93 4 425
93 21 416
92 3 288
90 3 296
90 6 408
90 12 367
89 5 288
88 15 366
88 10 365
87 8 390
83 24 386
82 25 393
81 15 300
81 16 312
81 12 429
80 12 443
79 3 398
78 5 430
77 6 306
77 11 426
76 2 395
76 9 365
75 7 433
74 12 425
74 3 431
74 7 371
71 13 380
69 15 324
69 7 240
68 8 433
67 14 447
67 15 340
66 8 265
62 15 283
59 13 332
58 5 408
57 12 234
56 6 173
55 9 303
54 5 382
54 8 395
53 3 341
53 8 309
52 10 264
52 12 428
49 9 385
49 13 229
48 13 419
47 14 363
46 7 237
45 13 237
44 11 348
43 3 161
43 5 374
42 4 141
42 11 133
39 9 222
38 8 164
37 12 190
35 4 362
35 2 220
34 4 190
32 2 141
32 4 280
31 7 138
31 10 103
30 3 181
29 7 356
24 3 256
24 3 107
21 1 314
21 5 248
21 7 317
20 5 146
18 5 186
16 3 195
13 1 202
12 1 281
11 1 426
9 3 91
7 3 371
7 2 149
7 2 217
6 2 217
5 1 180
5 1 127
4 2 160
4 1 86
2 1 113
2 1 127
1 1 351
1 1 178
