100

99 15 327
97 9 343
96 23 372
96 14 318
96 3 318
95 6 296
95 23 328
95 13 368
95 27 286
94 28 434
94 7 358
93 19 423
92 25 377
92 16 303
92 5 438
91 10 300
91 28 413
91 15 399
90 15 404
89 21 375
89 21 310
89 8 397
88 27 315
88 8 351
88 13 425
87 20 362
86 8 316
86 2 359
85 18 264
85 2 447
84 9 397
83 13 434
82 22 250
81 6 265
81 15 274
77 5 301
77 1 445
76 9 434
76 9 241
75 23 376
73 11 237
73 11 419
73 8 296
72 2 269
72 11 390
72 2 445
72 2 428
70 3 281
69 11 237
67 14 450
66 14 220
65 8 313
65 19 413
64 12 368
62 18 449
61 15 318
60 14 230
58 14 180
57 10 332
56 12 288
55 10 228
53 6 195
52 5 344
52 5 180
52 13 303
48 7 224
48 12 152
46 1 181
45 5 387
43 1 251
42 1 241
39 9 432
39 5 238
38 4 144
38 10 235
38 7 152
38 10 170
37 3 198
36 6 203
35 5 442
34 3 363
34 4 414
32 2 238
31 7 136
30 1 283
30 9 321
28 1 227
27 6 347
27 5 284
27 1 411
25 8 209
24 3 236
24 7 341
24 7 315
23 7 215
23 1 236
22 5 74
22 1 80
22 3 299
21 5 152
