100

100 30 329
100 3 349
100 28 378
99 30 326
99 26 325
98 21 305
97 5 333
96 6 369
95 19 286
95 2 435
95 27 360
94 18 423
94 19 380
91 12 301
91 28 438
90 23 298
90 5 412
88 13 397
86 23 401
84 11 369
83 14 297
83 17 392
79 20 295
78 22 335
77 20 421
74 7 344
74 4 290
72 12 339
72 10 226
70 17 446
69 21 385
69 16 430
69 19 212
69 15 233
68 11 241
68 9 283
68 10 444
67 5 432
67 15 216
67 16 368
66 4 218
66 6 416
65 6 280
64 18 251
63 6 383
63 7 444
63 19 426
63 16 266
63 10 222
62 13 450
62 19 209
61 19 306
60 17 411
60 6 364
59 14 448
59 13 315
59 10 228
59 4 183
57 13 332
55 4 287
55 13 228
55 10 200
53 6 345
53 9 183
52 10 303
52 7 232
51 1 160
50 10 191
49 14 390
48 6 260
47 13 250
47 7 433
45 8 249
44 5 160
44 9 247
43 3 166
43 3 182
42 13 210
42 3 216
41 12 443
41 10 369
38 7 416
37 11 247
36 7 149
36 5 291
36 3 328
36 1 242
34 7 353
34 6 294
29 7 411
29 8 217
28 5 243
27 3 344
25 8 316
24 7 217
23 4 236
23 1 77
22 7 80
22 2 299
20 1 150
