100

99 8 327
99 33 347
98 39 375
97 8 321
96 46 318
93 19 291
92 8 322
92 1 363
91 11 274
91 13 434
91 22 353
90 3 421
90 4 375
90 6 298
89 40 437
88 1 292
88 30 411
87 16 396
85 9 400
85 31 370
84 37 299
84 8 392
84 32 306
82 10 341
80 26 422
80 33 352
80 8 303
80 36 350
78 2 244
77 28 447
76 23 391
75 32 432
74 32 226
73 30 244
72 15 251
70 26 287
70 8 444
69 28 433
68 11 219
68 1 369
67 10 221
66 24 416
65 4 280
65 33 253
65 3 385
65 24 444
64 3 426
62 9 264
59 15 211
59 4 450
59 12 201
58 29 302
58 24 410
57 3 361
57 2 448
56 5 310
56 20 220
56 26 174
55 20 330
55 27 287
54 27 225
51 24 189
51 17 343
50 12 175
49 19 298
48 8 224
46 4 146
46 2 181
46 2 388
46 22 257
46 8 248
46 8 433
45 4 249
44 7 160
44 3 247
41 20 160
41 1 177
41 4 207
41 14 214
40 6 443
40 15 368
39 7 416
39 20 250
38 6 154
37 9 293
36 1 328
36 9 242
36 14 354
35 16 295
35 3 413
35 7 229
35 14 255
34 2 350
34 16 326
34 17 235
34 4 255
32 14 103
32 9 109
31 3 309
30 6 173
