100

100 6 329
99 16 347
99 26 376
98 17 323
97 26 320
97 27 302
97 2 333
96 24 369
96 29 289
95 4 435
95 25 360
95 26 424
94 10 380
93 10 306
93 13 438
93 3 305
92 9 413
91 19 399
89 17 403
88 18 374
87 13 306
86 12 394
84 16 306
84 22 344
83 13 423
83 7 356
82 10 307
81 18 351
81 17 252
81 12 447
78 20 392
78 23 432
75 23 229
74 9 246
73 2 254
72 7 291
72 1 445
71 2 433
70 20 224
68 10 369
67 4 221
66 9 416
65 8 280
64 20 251
63 17 383
63 19 444
62 6 426
60 6 260
60 11 214
59 15 450
59 18 201
58 2 302
57 10 409
56 4 360
56 13 448
55 15 309
54 8 215
51 2 160
49 8 322
49 15 276
48 4 211
47 4 179
47 9 339
46 1 164
45 12 292
45 9 217
45 1 143
45 4 178
44 2 387
44 1 253
44 3 245
44 1 433
43 11 245
41 1 152
41 5 241
40 8 158
39 2 172
39 2 203
39 5 209
37 5 442
37 4 366
37 12 415
35 3 243
35 2 146
34 11 289
32 9 323
31 4 232
31 2 350
30 9 288
28 2 411
26 1 211
25 6 238
24 3 341
24 7 315
23 1 215
23 3 236
22 4 74
21 1 77
20 2 296
20 6 150
