100

99 27 423
99 13 549
98 34 379
98 12 360
97 8 277
97 20 366
96 35 500
96 32 369
96 26 300
96 14 592
95 16 477
94 39 334
93 20 258
92 2 306
91 1 432
89 28 465
87 7 342
87 11 630
87 39 582
86 2 720
85 4 737
84 5 592
84 22 324
83 34 617
83 28 439
83 5 588
82 40 435
81 25 737
80 18 693
79 28 560
79 2 539
79 8 277
77 27 512
77 12 744
76 13 687
74 36 674
74 10 480
74 11 398
73 24 310
72 3 730
72 29 426
71 21 707
71 8 583
69 4 725
69 34 566
69 34 272
66 7 697
65 24 506
64 3 240
64 9 331
64 32 463
63 17 429
62 21 282
61 25 459
60 1 255
59 19 410
57 16 697
57 12 236
57 15 277
56 6 544
56 21 234
55 19 321
54 12 286
53 16 555
52 14 335
52 7 255
51 18 287
51 26 445
49 12 313
47 3 294
47 15 239
46 22 589
46 7 305
46 1 657
46 23 487
46 5 279
46 14 646
44 18 481
43 7 597
43 17 654
43 20 338
41 4 420
40 8 700
40 18 393
39 11 232
39 11 397
38 6 350
36 5 467
36 7 561
35 18 342
34 10 684
34 2 591
33 6 723
32 16 696
32 6 430
31 5 364
31 2 748
30 9 564
30 11 658
30 11 632
