100

99 5 314
99 26 308
97 21 294
97 2 437
96 12 415
96 11 450
94 26 345
92 26 332
92 26 425
92 12 416
92 24 288
91 8 299
90 6 408
90 1 367
89 27 288
89 14 367
88 15 365
85 25 388
84 11 387
84 2 395
84 10 307
80 19 310
80 8 429
78 16 443
78 19 397
77 9 430
77 21 306
77 4 426
76 13 395
75 3 364
75 7 433
75 22 425
74 22 431
73 5 370
73 16 382
72 6 329
71 9 245
71 20 433
70 15 447
68 4 342
66 3 265
65 2 288
64 13 338
62 5 410
61 1 244
60 10 184
57 13 306
56 13 383
56 17 396
55 2 343
55 2 312
54 15 267
54 6 429
52 16 387
50 4 231
50 10 420
48 6 364
48 13 241
47 12 241
47 7 351
45 13 166
45 4 375
45 2 149
44 12 139
42 13 228
40 8 169
40 1 196
39 10 365
38 9 226
38 7 199
38 11 157
36 7 286
34 8 145
32 9 106
30 9 181
29 2 356
29 7 264
29 9 120
28 5 321
28 3 259
28 2 325
26 3 160
25 3 200
25 4 212
24 8 222
21 3 292
18 3 427
17 6 111
14 3 375
13 3 162
12 3 225
12 2 227
10 1 189
10 3 138
9 1 170
9 2 99
8 3 127
5 1 134
4 2 353
1 1 178
