100

98 15 325
97 30 343
97 11 373
97 23 321
96 19 318
95 21 296
95 22 328
95 19 368
95 28 286
93 21 434
92 16 355
88 10 420
87 14 371
86 5 288
86 17 436
85 4 285
81 25 406
81 13 391
80 6 396
78 6 362
78 6 285
78 16 387
77 12 291
77 20 333
76 11 420
75 19 345
74 16 290
72 11 339
71 5 224
70 21 446
70 4 386
69 9 430
69 14 212
67 8 228
67 21 238
67 11 281
65 20 444
65 6 432
65 17 210
64 18 365
64 11 212
63 19 415
62 15 274
58 13 237
58 9 379
56 6 444
56 3 424
56 12 251
55 13 201
52 11 450
51 6 179
50 11 289
50 10 406
50 12 355
49 1 448
49 12 300
47 15 198
45 14 142
43 3 315
43 2 266
43 5 200
42 6 166
41 2 332
40 4 147
40 8 285
40 1 206
39 9 125
38 8 160
36 5 382
35 10 236
33 2 223
33 6 431
32 4 224
30 3 122
29 5 218
28 1 126
28 3 145
25 1 172
25 8 179
22 1 441
22 6 354
20 5 410
20 1 216
18 2 102
17 6 265
16 5 306
15 4 203
11 3 333
11 2 263
10 1 405
8 1 177
5 1 204
5 2 325
5 1 294
4 1 180
4 1 205
2 1 15
2 1 23
2 1 275
1 1 106
