100

98 7 175
97 26 200
97 2 173
97 14 341
96 22 381
95 7 218
95 20 325
95 15 176
95 19 440
93 2 401
92 13 232
88 13 254
87 10 186
86 22 346
86 19 210
85 23 340
81 4 375
81 11 178
80 20 313
78 20 383
78 23 272
78 10 444
77 5 341
77 9 359
76 1 217
75 9 410
74 17 351
72 21 435
71 7 275
70 20 262
70 12 424
69 7 201
69 5 221
67 13 353
67 4 432
67 2 439
65 19 343
65 14 196
65 2 423
64 13 401
64 11 307
63 7 423
62 10 205
58 11 361
58 6 444
56 17 374
56 5 168
56 4 399
55 7 222
52 4 364
51 2 334
50 10 348
50 9 274
50 3 184
49 12 398
49 13 403
47 5 214
45 11 274
43 7 239
43 10 331
43 3 222
42 13 173
41 13 342
40 8 228
40 10 292
40 11 269
39 6 332
38 10 365
36 5 343
35 10 389
33 3 358
33 10 378
32 3 426
30 7 235
29 1 199
28 9 343
28 2 385
25 8 388
25 8 362
22 6 365
22 5 411
20 6 190
20 6 330
18 1 205
17 6 191
16 2 357
15 3 178
11 2 234
11 3 204
10 1 349
8 2 399
5 1 248
5 2 203
5 2 274
4 1 260
4 1 334
2 1 369
2 1 448
2 1 246
1 1 390
