100

98 30 312
97 24 302
97 26 294
97 19 437
96 17 415
95 3 450
95 15 346
95 8 338
95 21 426
93 20 416
92 26 288
88 7 291
87 20 406
86 16 361
86 16 280
85 25 362
81 6 356
81 9 384
80 5 383
78 23 390
78 23 294
78 17 306
77 11 428
77 19 443
76 2 396
75 13 429
74 18 300
72 4 424
71 10 391
70 17 358
70 4 431
69 11 423
69 12 430
67 9 364
67 9 377
67 11 321
65 13 229
65 3 432
65 3 447
64 18 336
64 1 261
63 7 285
62 8 336
58 4 408
58 7 237
56 4 173
56 17 305
56 13 383
55 2 395
52 9 339
51 4 306
50 8 260
50 5 428
50 15 385
49 2 229
49 10 420
47 8 363
45 8 235
43 6 233
43 4 347
43 12 161
42 11 373
41 13 138
40 4 127
40 8 224
40 6 169
39 3 194
38 12 364
36 7 222
35 9 192
33 8 143
33 10 282
32 5 140
30 1 100
29 8 179
28 5 355
28 5 262
25 1 109
25 7 318
22 2 249
22 7 318
20 6 146
20 3 190
18 4 199
17 1 210
16 4 286
15 2 427
11 1 96
11 3 373
10 2 156
8 2 218
5 1 215
5 1 180
5 1 127
4 1 160
4 1 86
2 1 113
2 1 127
2 1 352
1 1 178
