100

99 4 314
99 6 308
98 38 297
98 25 437
97 18 416
97 39 450
96 21 348
96 23 340
96 36 426
96 46 418
95 38 296
94 21 307
93 18 410
92 15 369
91 30 293
89 28 367
87 23 364
87 29 390
87 12 390
86 6 397
85 27 309
84 1 318
84 3 430
83 33 444
83 24 401
83 38 432
82 19 316
81 38 427
80 11 398
79 11 369
79 7 434
79 3 426
77 39 432
77 17 374
76 38 385
74 7 332
74 19 253
74 11 434
73 31 447
72 30 347
72 25 278
71 36 300
71 9 347
69 32 413
69 11 262
69 9 211
66 27 320
65 22 390
64 5 400
64 23 353
64 21 325
63 21 284
62 4 430
61 23 392
60 25 253
59 17 423
57 10 371
57 23 259
57 29 262
56 6 359
56 26 196
55 8 382
54 27 175
53 23 165
52 26 248
52 14 199
51 24 222
51 10 374
49 10 248
47 22 219
47 3 180
46 20 300
46 21 177
46 21 147
46 16 217
46 13 369
46 17 290
44 18 161
43 1 337
43 6 282
43 10 340
41 7 195
40 6 230
40 3 241
39 17 249
39 3 314
38 19 431
36 10 160
36 5 387
35 5 208
34 5 261
34 15 262
33 2 232
32 11 187
32 3 215
31 11 153
31 4 179
30 14 188
30 2 370
30 14 231
