100

100 18 424
99 39 549
99 40 379
98 2 361
98 8 278
96 30 366
93 43 501
91 44 370
89 45 301
89 7 592
88 32 478
86 4 335
86 1 259
85 4 307
85 21 433
85 38 466
84 12 343
84 2 630
82 4 583
82 16 720
81 40 737
80 30 592
79 37 325
78 36 617
77 29 439
76 36 589
75 31 435
75 31 737
73 4 693
72 22 560
71 21 539
70 33 278
69 21 512
68 4 744
68 27 687
66 4 674
66 21 481
64 5 399
63 21 311
63 9 730
62 10 426
62 8 707
58 13 583
57 13 725
55 10 566
54 14 273
52 11 697
51 12 507
50 10 241
50 1 332
49 12 463
48 20 430
48 14 283
46 20 459
46 10 256
44 17 411
43 18 697
41 1 237
41 1 278
38 15 544
37 4 235
34 11 322
33 3 286
31 1 555
31 15 336
31 5 256
31 15 288
29 4 445
29 7 314
28 3 295
28 5 240
27 4 589
27 7 306
27 1 657
26 8 487
26 13 280
26 2 646
25 11 482
22 8 598
22 10 654
21 3 339
20 2 420
20 1 700
19 9 393
18 8 233
18 8 398
16 4 351
15 3 467
15 3 561
15 7 343
14 2 684
14 2 592
13 6 723
9 4 696
8 2 431
8 4 364
8 2 748
2 1 564
2 1 658
2 1 633
